# Name of benchmark/experiment: FILLET Experiment 4 (CO₂ bifurcation)
# Case number: 30
# Branch: cooling
# Instellation (S_earth): 1.0
# XCO2 (ppm): 86.85113737513525
# Obliquity (degrees): 23.5
# Mode: seasonal
#
# Columns of data (annually averaged for last orbit)
# Lat Tsurf Asurf ATOA OLR Fland
 -90.00   264.16 0.3812 0.3812   198.29 0.2500
 -77.83   269.03 0.2250 0.2250   208.01 0.2500
 -72.76   271.70 0.2250 0.2250   213.37 0.2500
 -68.84   273.93 0.2250 0.2250   217.83 0.2500
 -65.52   275.96 0.2250 0.2250   221.89 0.2500
 -62.58   277.87 0.2250 0.2250   225.70 0.2500
 -59.90   279.67 0.2250 0.2250   229.30 0.2500
 -57.43   281.38 0.2250 0.2250   232.72 0.2500
 -55.11   283.01 0.2250 0.2250   235.99 0.2500
 -52.92   284.57 0.2250 0.2250   239.11 0.2500
 -50.83   286.07 0.2250 0.2250   242.10 0.2500
 -48.83   287.49 0.2250 0.2250   244.95 0.2500
 -46.91   288.86 0.2250 0.2250   247.69 0.2500
 -45.06   290.17 0.2250 0.2250   250.30 0.2500
 -43.27   291.42 0.2250 0.2250   252.81 0.2500
 -41.52   292.62 0.2250 0.2250   255.20 0.2500
 -39.83   293.77 0.2250 0.2250   257.50 0.2500
 -38.17   294.86 0.2250 0.2250   259.69 0.2500
 -36.55   295.91 0.2250 0.2250   261.78 0.2500
 -34.96   296.91 0.2250 0.2250   263.78 0.2500
 -33.41   297.86 0.2250 0.2250   265.69 0.2500
 -31.88   298.77 0.2250 0.2250   267.50 0.2500
 -30.37   299.64 0.2250 0.2250   269.23 0.2500
 -28.89   300.46 0.2250 0.2250   270.88 0.2500
 -27.43   301.24 0.2250 0.2250   272.43 0.2500
 -25.99   301.97 0.2250 0.2250   273.91 0.2500
 -24.57   302.67 0.2250 0.2250   275.30 0.2500
 -23.16   303.33 0.2250 0.2250   276.62 0.2500
 -21.76   303.94 0.2250 0.2250   277.85 0.2500
 -20.38   304.52 0.2250 0.2250   279.01 0.2500
 -19.02   305.06 0.2250 0.2250   280.09 0.2500
 -17.66   305.57 0.2250 0.2250   281.09 0.2500
 -16.31   306.03 0.2250 0.2250   282.03 0.2500
 -14.98   306.46 0.2250 0.2250   282.88 0.2500
 -13.65   306.85 0.2250 0.2250   283.66 0.2500
 -12.33   307.21 0.2250 0.2250   284.38 0.2500
 -11.01   307.53 0.2250 0.2250   285.01 0.2500
  -9.70   307.81 0.2250 0.2250   285.58 0.2500
  -8.40   308.06 0.2250 0.2250   286.08 0.2500
  -7.10   308.27 0.2250 0.2250   286.50 0.2500
  -5.80   308.45 0.2250 0.2250   286.86 0.2500
  -4.51   308.59 0.2250 0.2250   287.14 0.2500
  -3.22   308.70 0.2250 0.2250   287.36 0.2500
  -1.93   308.77 0.2250 0.2250   287.50 0.2500
  -0.64   308.81 0.2250 0.2250   287.58 0.2500
   0.64   308.81 0.2250 0.2250   287.58 0.2500
   1.93   308.78 0.2250 0.2250   287.52 0.2500
   3.22   308.71 0.2250 0.2250   287.39 0.2500
   4.51   308.61 0.2250 0.2250   287.18 0.2500
   5.80   308.47 0.2250 0.2250   286.91 0.2500
   7.10   308.30 0.2250 0.2250   286.57 0.2500
   8.40   308.10 0.2250 0.2250   286.16 0.2500
   9.70   307.86 0.2250 0.2250   285.67 0.2500
  11.01   307.58 0.2250 0.2250   285.12 0.2500
  12.33   307.27 0.2250 0.2250   284.50 0.2500
  13.65   306.92 0.2250 0.2250   283.80 0.2500
  14.98   306.53 0.2250 0.2250   283.03 0.2500
  16.31   306.11 0.2250 0.2250   282.19 0.2500
  17.66   305.66 0.2250 0.2250   281.28 0.2500
  19.02   305.16 0.2250 0.2250   280.29 0.2500
  20.38   304.63 0.2250 0.2250   279.22 0.2500
  21.76   304.06 0.2250 0.2250   278.08 0.2500
  23.16   303.45 0.2250 0.2250   276.87 0.2500
  24.57   302.81 0.2250 0.2250   275.57 0.2500
  25.99   302.12 0.2250 0.2250   274.20 0.2500
  27.43   301.39 0.2250 0.2250   272.75 0.2500
  28.89   300.62 0.2250 0.2250   271.21 0.2500
  30.37   299.82 0.2250 0.2250   269.59 0.2500
  31.88   298.97 0.2250 0.2250   267.89 0.2500
  33.41   298.07 0.2250 0.2250   266.10 0.2500
  34.96   297.13 0.2250 0.2250   264.23 0.2500
  36.55   296.15 0.2250 0.2250   262.26 0.2500
  38.17   295.12 0.2250 0.2250   260.21 0.2500
  39.83   294.05 0.2250 0.2250   258.05 0.2500
  41.52   292.92 0.2250 0.2250   255.81 0.2500
  43.27   291.75 0.2250 0.2250   253.46 0.2500
  45.06   290.52 0.2250 0.2250   251.01 0.2500
  46.91   289.24 0.2250 0.2250   248.45 0.2500
  48.83   287.91 0.2250 0.2250   245.79 0.2500
  50.83   286.52 0.2250 0.2250   243.01 0.2500
  52.92   285.08 0.2250 0.2250   240.12 0.2500
  55.11   283.57 0.2250 0.2250   237.10 0.2500
  57.43   282.00 0.2250 0.2250   233.96 0.2500
  59.90   280.36 0.2250 0.2250   230.68 0.2500
  62.58   278.65 0.2250 0.2250   227.27 0.2500
  65.52   276.87 0.2250 0.2250   223.71 0.2500
  68.84   275.01 0.2250 0.2250   219.98 0.2500
  72.76   273.03 0.2250 0.2250   216.03 0.2500
  77.83   270.81 0.2250 0.2250   211.59 0.2500
  90.00   267.46 0.2250 0.2250   204.89 0.2500
