# Name of benchmark/experiment: FILLET Experiment 1 (warm start)
# Model: AVALON (Albedo-feedback Variable Axial-tilt Latitudinal Outgoing-Net EBM)
# Mode: seasonal
# Ice line definition: latitude where annual-mean surface temperature crosses 0.0 °C
# Ice-free convention: NMaxLand=NMinLand=NMaxSea=NMinSea=90; SMaxLand=SMinLand=SMaxSea=SMinSea=-90
# Case Inst Obl XCO2 Tglob IceLineNMaxLand IceLineNMinLand IceLineNMaxSea IceLineNMinSea IceLineSMaxLand IceLineSMinLand IceLineSMaxSea IceLineSMinSea Diff OLRglob
0 0.8 0.0 280.0 222.61016969861188 90.0 0.0 90.0 0.0 0.0 -90.0 0.0 -90.0 0.5 108.92033939722381
1 0.825 0.0 280.0 224.3120592638054 90.0 0.0 90.0 0.0 0.0 -90.0 0.0 -90.0 0.5 112.3241185276108
2 0.85 0.0 280.0 226.01386720199957 90.0 0.0 90.0 0.0 0.0 -90.0 0.0 -90.0 0.5 115.72773440399922
3 0.875 0.0 280.0 227.71576805636784 90.0 0.0 90.0 0.0 0.0 -90.0 0.0 -90.0 0.5 119.1315361127357
4 0.9 0.0 280.0 229.41768623857365 90.0 0.0 90.0 0.0 0.0 -90.0 0.0 -90.0 0.5 122.53537247714733
5 0.925 0.0 280.0 231.11948690786681 90.0 0.0 90.0 0.0 0.0 -90.0 0.0 -90.0 0.5 125.93897381573368
6 0.95 0.0 280.0 282.6362195558101 90.0 46.2382573073202 90.0 46.2382573073202 -46.2382573073202 -90.0 -46.2382573073202 -90.0 0.5 228.9724391116202
7 0.975 0.0 280.0 290.25288318773397 90.0 54.2046324563124 90.0 54.2046324563124 -54.2046324563124 -90.0 -54.2046324563124 -90.0 0.5 244.20576637546802
8 1.0 0.0 280.0 296.3717830450563 90.0 61.37544904657465 90.0 61.37544904657465 -61.37544904657465 -90.0 -61.37544904657465 -90.0 0.5 256.4435660901127
9 1.025 0.0 280.0 301.2702051609109 90.0 67.25314872563517 90.0 67.25314872563517 -67.25314872563517 -90.0 -67.25314872563517 -90.0 0.5 266.24041032182186
10 1.05 0.0 280.0 305.8719170860337 90.0 75.16488841802426 90.0 75.16488841802426 -75.16488841802426 -90.0 -75.16488841802426 -90.0 0.5 275.4438341720675
11 1.075 0.0 280.0 309.6479244397077 90.0 81.45092116947839 90.0 81.45092116947839 -81.45092116947839 -90.0 -81.45092116947839 -90.0 0.5 282.99584887941546
12 1.1 0.0 280.0 312.9385913100822 90.0 81.45092116947839 90.0 81.45092116947839 -81.45092116947839 -90.0 -81.45092116947839 -90.0 0.5 289.57718262016436
13 1.125 0.0 280.0 316.531047238233 90.0 90.0 90.0 90.0 -90.0 -90.0 -90.0 -90.0 0.5 296.7620944764661
14 1.15 0.0 280.0 319.8284984900662 90.0 90.0 90.0 90.0 -90.0 -90.0 -90.0 -90.0 0.5 303.3569969801324
15 1.175 0.0 280.0 323.12578776999635 90.0 90.0 90.0 90.0 -90.0 -90.0 -90.0 -90.0 0.5 309.9515755399928
16 1.2 0.0 280.0 326.4231798023081 90.0 90.0 90.0 90.0 -90.0 -90.0 -90.0 -90.0 0.5 316.54635960461627
17 1.225 0.0 280.0 329.72057904297475 90.0 90.0 90.0 90.0 -90.0 -90.0 -90.0 -90.0 0.5 323.1411580859495
18 1.25 0.0 280.0 333.0178947198568 90.0 90.0 90.0 90.0 -90.0 -90.0 -90.0 -90.0 0.5 329.7357894397137
19 0.8 10.0 280.0 222.59350334029645 90.0 0.0 90.0 0.0 0.0 -90.0 0.0 -90.0 0.5 108.88700668059295
20 0.825 10.0 280.0 224.2948625244403 90.0 0.0 90.0 0.0 0.0 -90.0 0.0 -90.0 0.5 112.28972504888065
21 0.85 10.0 280.0 225.9962264395597 90.0 0.0 90.0 0.0 0.0 -90.0 0.0 -90.0 0.5 115.69245287911949
22 0.875 10.0 280.0 227.69757424801384 90.0 0.0 90.0 0.0 0.0 -90.0 0.0 -90.0 0.5 119.09514849602773
23 0.9 10.0 280.0 229.39889713097404 90.0 0.0 90.0 0.0 0.0 -90.0 0.0 -90.0 0.5 122.49779426194814
24 0.925 10.0 280.0 231.10028878663658 90.0 0.0 90.0 0.0 0.0 -90.0 0.0 -90.0 0.5 125.90057757327318
25 0.95 10.0 280.0 278.54808165924106 90.0 40.96178855234936 90.0 40.96178855234936 -40.96178855234936 -90.0 -40.96178855234936 -90.0 0.5 220.79616331848217
26 0.975 10.0 280.0 288.8582643107663 90.0 52.081797343554456 90.0 52.081797343554456 -52.081797343554456 -90.0 -52.081797343554456 -90.0 0.5 241.41652862153256
27 1.0 10.0 280.0 295.13915719474517 90.0 58.821164461344075 90.0 58.821164461344075 -58.821164461344075 -90.0 -58.821164461344075 -90.0 0.5 253.9783143894905
28 1.025 10.0 280.0 301.01386926914586 90.0 67.25314872563517 90.0 67.25314872563517 -67.25314872563517 -90.0 -67.25314872563517 -90.0 0.5 265.72773853829176
29 1.05 10.0 280.0 305.6712084831122 90.0 75.16488841802426 90.0 75.16488841802426 -75.16488841802426 -90.0 -75.16488841802426 -90.0 0.5 275.0424169662244
30 1.075 10.0 280.0 309.49417954093644 90.0 81.45092116947839 90.0 81.45092116947839 -81.45092116947839 -90.0 -81.45092116947839 -90.0 0.5 282.68835908187293
31 1.1 10.0 280.0 313.1893570821916 90.0 90.0 90.0 90.0 -90.0 -90.0 -90.0 -90.0 0.5 290.0787141643832
32 1.125 10.0 280.0 316.48568071110134 90.0 90.0 90.0 90.0 -90.0 -90.0 -90.0 -90.0 0.5 296.6713614222027
33 1.15 10.0 280.0 319.7821232517877 90.0 90.0 90.0 90.0 -90.0 -90.0 -90.0 -90.0 0.5 303.26424650357546
34 1.175 10.0 280.0 323.078404374364 90.0 90.0 90.0 90.0 -90.0 -90.0 -90.0 -90.0 0.5 309.85680874872804
35 1.2 10.0 280.0 326.3747880338603 90.0 90.0 90.0 90.0 -90.0 -90.0 -90.0 -90.0 0.5 316.4495760677206
36 1.225 10.0 280.0 329.67117893380873 90.0 90.0 90.0 90.0 -90.0 -90.0 -90.0 -90.0 0.5 323.04235786761745
37 1.25 10.0 280.0 332.9674864451976 90.0 90.0 90.0 90.0 -90.0 -90.0 -90.0 -90.0 0.5 329.63497289039526
38 0.8 20.0 280.0 222.59388458833865 90.0 0.0 90.0 0.0 0.0 -90.0 0.0 -90.0 0.5 108.88776917667737
39 0.825 20.0 280.0 224.29523587172906 90.0 0.0 90.0 0.0 0.0 -90.0 0.0 -90.0 0.5 112.29047174345818
40 0.85 20.0 280.0 225.9965783280681 90.0 0.0 90.0 0.0 0.0 -90.0 0.0 -90.0 0.5 115.69315665613627
41 0.875 20.0 280.0 227.6979576559267 90.0 0.0 90.0 0.0 0.0 -90.0 0.0 -90.0 0.5 119.09591531185345
42 0.9 20.0 280.0 229.39925213037688 90.0 0.0 90.0 0.0 0.0 -90.0 0.0 -90.0 0.5 122.49850426075376
43 0.925 20.0 280.0 231.10063300957324 90.0 0.0 90.0 0.0 0.0 -90.0 0.0 -90.0 0.5 125.90126601914653
44 0.95 20.0 280.0 232.80204512239794 90.0 0.0 90.0 0.0 0.0 -90.0 0.0 -90.0 0.5 129.3040902447959
45 0.975 20.0 280.0 287.3735675557842 90.0 50.055494810185124 90.0 50.055494810185124 -50.055494810185124 -90.0 -50.055494810185124 -90.0 0.5 238.44713511156837
46 1.0 20.0 280.0 295.7203968823646 90.0 61.37544904657465 90.0 61.37544904657465 -61.37544904657465 -90.0 -61.37544904657465 -90.0 0.5 255.14079376472927
47 1.025 20.0 280.0 301.47935717980556 90.0 75.16488841802426 90.0 75.16488841802426 -75.16488841802426 -90.0 -75.16488841802426 -90.0 0.5 266.6587143596111
48 1.05 20.0 280.0 306.597502825791 90.0 90.0 90.0 90.0 -90.0 -90.0 -90.0 -90.0 0.5 276.8950056515821
49 1.075 20.0 280.0 309.89385986714404 90.0 90.0 90.0 90.0 -90.0 -90.0 -90.0 -90.0 0.5 283.4877197342882
50 1.1 20.0 280.0 313.1902459999913 90.0 90.0 90.0 90.0 -90.0 -90.0 -90.0 -90.0 0.5 290.0804919999826
51 1.125 20.0 280.0 316.48658983908797 90.0 90.0 90.0 90.0 -90.0 -90.0 -90.0 -90.0 0.5 296.673179678176
52 1.15 20.0 280.0 319.7830525939386 90.0 90.0 90.0 90.0 -90.0 -90.0 -90.0 -90.0 0.5 303.26610518787714
53 1.175 20.0 280.0 323.07935391960507 90.0 90.0 90.0 90.0 -90.0 -90.0 -90.0 -90.0 0.5 309.85870783921024
54 1.2 20.0 280.0 326.37575778650006 90.0 90.0 90.0 90.0 -90.0 -90.0 -90.0 -90.0 0.5 316.45151557300017
55 1.225 20.0 280.0 329.67216889320537 90.0 90.0 90.0 90.0 -90.0 -90.0 -90.0 -90.0 0.5 323.04433778641084
56 1.25 20.0 280.0 332.9684966078473 90.0 90.0 90.0 90.0 -90.0 -90.0 -90.0 -90.0 0.5 329.63699321569464
57 0.8 30.0 280.0 222.59194658609363 90.0 0.0 90.0 0.0 0.0 -90.0 0.0 -90.0 0.5 108.88389317218733
58 0.825 30.0 280.0 224.29322191215675 90.0 0.0 90.0 0.0 0.0 -90.0 0.0 -90.0 0.5 112.28644382431355
59 0.85 30.0 280.0 225.99456594529647 90.0 0.0 90.0 0.0 0.0 -90.0 0.0 -90.0 0.5 115.68913189059305
60 0.875 30.0 280.0 227.6958340917826 90.0 0.0 90.0 0.0 0.0 -90.0 0.0 -90.0 0.5 119.0916681835652
61 0.9 30.0 280.0 229.3971467585449 90.0 0.0 90.0 0.0 0.0 -90.0 0.0 -90.0 0.5 122.49429351708983
62 0.925 30.0 280.0 231.09847303681502 90.0 0.0 90.0 0.0 0.0 -90.0 0.0 -90.0 0.5 125.89694607363013
63 0.95 30.0 280.0 232.79973461096915 90.0 0.0 90.0 0.0 0.0 -90.0 0.0 -90.0 0.5 129.29946922193835
64 0.975 30.0 280.0 285.34371233957626 90.0 50.055494810185124 90.0 50.055494810185124 -50.055494810185124 -90.0 -50.055494810185124 -90.0 0.5 234.38742467915253
65 1.0 30.0 280.0 300.0009692254743 90.0 90.0 90.0 90.0 -90.0 -90.0 -90.0 -90.0 0.5 263.70193845094866
66 1.025 30.0 280.0 303.2966687167782 90.0 90.0 90.0 90.0 -90.0 -90.0 -90.0 -90.0 0.5 270.2933374335565
67 1.05 30.0 280.0 306.5926836779395 90.0 90.0 90.0 90.0 -90.0 -90.0 -90.0 -90.0 0.5 276.88536735587894
68 1.075 30.0 280.0 309.8889256934955 90.0 90.0 90.0 90.0 -90.0 -90.0 -90.0 -90.0 0.5 283.477851386991
69 1.1 30.0 280.0 313.18519696351274 90.0 90.0 90.0 90.0 -90.0 -90.0 -90.0 -90.0 0.5 290.0703939270256
70 1.125 30.0 280.0 316.48142600902804 90.0 90.0 90.0 90.0 -90.0 -90.0 -90.0 -90.0 0.5 296.66285201805607
71 1.15 30.0 280.0 319.77777394765445 90.0 90.0 90.0 90.0 -90.0 -90.0 -90.0 -90.0 0.5 303.25554789530884
72 1.175 30.0 280.0 323.0739605201409 90.0 90.0 90.0 90.0 -90.0 -90.0 -90.0 -90.0 0.5 309.84792104028173
73 1.2 30.0 280.0 326.3702496093275 90.0 90.0 90.0 90.0 -90.0 -90.0 -90.0 -90.0 0.5 316.4404992186551
74 1.225 30.0 280.0 329.6665459419784 90.0 90.0 90.0 90.0 -90.0 -90.0 -90.0 -90.0 0.5 323.03309188395696
75 1.25 30.0 280.0 332.9627589025137 90.0 90.0 90.0 90.0 -90.0 -90.0 -90.0 -90.0 0.5 329.62551780502747
76 0.8 40.0 280.0 222.5923034163857 90.0 0.0 90.0 0.0 0.0 -90.0 0.0 -90.0 0.5 108.88460683277147
77 0.825 40.0 280.0 224.29360468625953 90.0 0.0 90.0 0.0 0.0 -90.0 0.0 -90.0 0.5 112.28720937251909
78 0.85 40.0 280.0 225.9949792308494 90.0 0.0 90.0 0.0 0.0 -90.0 0.0 -90.0 0.5 115.68995846169885
79 0.875 40.0 280.0 227.69625388939374 90.0 0.0 90.0 0.0 0.0 -90.0 0.0 -90.0 0.5 119.0925077787875
80 0.9 40.0 280.0 229.39757820606673 90.0 0.0 90.0 0.0 0.0 -90.0 0.0 -90.0 0.5 122.49515641213345
81 0.925 40.0 280.0 290.113083710147 90.0 90.0 90.0 90.0 -90.0 -90.0 -90.0 -90.0 0.5 243.92616742029415
82 0.95 40.0 280.0 293.4093328062609 90.0 90.0 90.0 90.0 -90.0 -90.0 -90.0 -90.0 0.5 250.51866561252186
83 0.975 40.0 280.0 296.70561992643917 90.0 90.0 90.0 90.0 -90.0 -90.0 -90.0 -90.0 0.5 257.11123985287844
84 1.0 40.0 280.0 300.00186762616045 90.0 90.0 90.0 90.0 -90.0 -90.0 -90.0 -90.0 0.5 263.70373525232094
85 1.025 40.0 280.0 303.29762162091384 90.0 90.0 90.0 90.0 -90.0 -90.0 -90.0 -90.0 0.5 270.29524324182773
86 1.05 40.0 280.0 306.59362699865994 90.0 90.0 90.0 90.0 -90.0 -90.0 -90.0 -90.0 0.5 276.8872539973199
87 1.075 40.0 280.0 309.8898915298697 90.0 90.0 90.0 90.0 -90.0 -90.0 -90.0 -90.0 0.5 283.47978305973953
88 1.1 40.0 280.0 313.18618528363527 90.0 90.0 90.0 90.0 -90.0 -90.0 -90.0 -90.0 0.5 290.07237056727064
89 1.125 40.0 280.0 316.48243679934154 90.0 90.0 90.0 90.0 -90.0 -90.0 -90.0 -90.0 0.5 296.66487359868313
90 1.15 40.0 280.0 319.77880721259186 90.0 90.0 90.0 90.0 -90.0 -90.0 -90.0 -90.0 0.5 303.25761442518376
91 1.175 40.0 280.0 323.07501624735954 90.0 90.0 90.0 90.0 -90.0 -90.0 -90.0 -90.0 0.5 309.85003249471913
92 1.2 40.0 280.0 326.3713278036295 90.0 90.0 90.0 90.0 -90.0 -90.0 -90.0 -90.0 0.5 316.442655607259
93 1.225 40.0 280.0 329.66764660264846 90.0 90.0 90.0 90.0 -90.0 -90.0 -90.0 -90.0 0.5 323.0352932052969
94 1.25 40.0 280.0 332.9638820256464 90.0 90.0 90.0 90.0 -90.0 -90.0 -90.0 -90.0 0.5 329.6277640512928
95 0.8 50.0 280.0 222.5922460025684 90.0 0.0 90.0 0.0 0.0 -90.0 0.0 -90.0 0.5 108.88449200513686
96 0.825 50.0 280.0 224.29346867791892 90.0 0.0 90.0 0.0 0.0 -90.0 0.0 -90.0 0.5 112.28693735583789
97 0.85 50.0 280.0 225.99480359822542 90.0 0.0 90.0 0.0 0.0 -90.0 0.0 -90.0 0.5 115.68960719645088
98 0.875 50.0 280.0 283.5202331034503 90.0 90.0 90.0 90.0 -90.0 -90.0 -90.0 -90.0 0.5 230.74046620690072
99 0.9 50.0 280.0 286.81652296399824 90.0 90.0 90.0 90.0 -90.0 -90.0 -90.0 -90.0 0.5 237.3330459279966
100 0.925 50.0 280.0 290.11279328832586 90.0 90.0 90.0 90.0 -90.0 -90.0 -90.0 -90.0 0.5 243.9255865766518
101 0.95 50.0 280.0 293.4090345376697 90.0 90.0 90.0 90.0 -90.0 -90.0 -90.0 -90.0 0.5 250.51806907533938
102 0.975 50.0 280.0 296.70531381561983 90.0 90.0 90.0 90.0 -90.0 -90.0 -90.0 -90.0 0.5 257.11062763123965
103 1.0 50.0 280.0 300.00155368441995 90.0 90.0 90.0 90.0 -90.0 -90.0 -90.0 -90.0 0.5 263.7031073688399
104 1.025 50.0 280.0 303.2973001073223 90.0 90.0 90.0 90.0 -90.0 -90.0 -90.0 -90.0 0.5 270.2946002146446
105 1.05 50.0 280.0 306.5932973598324 90.0 90.0 90.0 90.0 -90.0 -90.0 -90.0 -90.0 0.5 276.8865947196648
106 1.075 50.0 280.0 309.88955402306885 90.0 90.0 90.0 90.0 -90.0 -90.0 -90.0 -90.0 0.5 283.4791080461377
107 1.1 50.0 280.0 313.18583992000333 90.0 90.0 90.0 90.0 -90.0 -90.0 -90.0 -90.0 0.5 290.0716798400068
108 1.125 50.0 280.0 316.48208358361313 90.0 90.0 90.0 90.0 -90.0 -90.0 -90.0 -90.0 0.5 296.66416716722637
109 1.15 50.0 280.0 319.77844614321884 90.0 90.0 90.0 90.0 -90.0 -90.0 -90.0 -90.0 0.5 303.25689228643756
110 1.175 50.0 280.0 323.07464732865236 90.0 90.0 90.0 90.0 -90.0 -90.0 -90.0 -90.0 0.5 309.8492946573047
111 1.2 50.0 280.0 326.3709510339111 90.0 90.0 90.0 90.0 -90.0 -90.0 -90.0 -90.0 0.5 316.4419020678223
112 1.225 50.0 280.0 329.6672619821686 90.0 90.0 90.0 90.0 -90.0 -90.0 -90.0 -90.0 0.5 323.03452396433727
113 1.25 50.0 280.0 332.963489555769 90.0 90.0 90.0 90.0 -90.0 -90.0 -90.0 -90.0 0.5 329.626979111538
114 0.8 60.0 280.0 222.59212537790302 90.0 0.0 90.0 0.0 0.0 -90.0 0.0 -90.0 0.5 108.88425075580611
115 0.825 60.0 280.0 224.2934597174932 90.0 0.0 90.0 0.0 0.0 -90.0 0.0 -90.0 0.5 112.2869194349864
116 0.85 60.0 280.0 280.22380994995115 90.0 90.0 90.0 90.0 -90.0 -90.0 -90.0 -90.0 0.5 224.1476198999024
117 0.875 60.0 280.0 283.5201088058213 90.0 90.0 90.0 90.0 -90.0 -90.0 -90.0 -90.0 0.5 230.74021761164266
118 0.9 60.0 280.0 286.8163951157079 90.0 90.0 90.0 90.0 -90.0 -90.0 -90.0 -90.0 0.5 237.33279023141583
119 0.925 60.0 280.0 290.1126618895782 90.0 90.0 90.0 90.0 -90.0 -90.0 -90.0 -90.0 0.5 243.9253237791564
120 0.95 60.0 280.0 293.4088995887209 90.0 90.0 90.0 90.0 -90.0 -90.0 -90.0 -90.0 0.5 250.51779917744182
121 0.975 60.0 280.0 296.70517531852425 90.0 90.0 90.0 90.0 -90.0 -90.0 -90.0 -90.0 0.5 257.1103506370485
122 1.0 60.0 280.0 300.00141164429175 90.0 90.0 90.0 90.0 -90.0 -90.0 -90.0 -90.0 0.5 263.7028232885835
123 1.025 60.0 280.0 303.2971814286102 90.0 90.0 90.0 90.0 -90.0 -90.0 -90.0 -90.0 0.5 270.29436285722034
124 1.05 60.0 280.0 306.5931482176978 90.0 90.0 90.0 90.0 -90.0 -90.0 -90.0 -90.0 0.5 276.88629643539565
125 1.075 60.0 280.0 309.889401321143 90.0 90.0 90.0 90.0 -90.0 -90.0 -90.0 -90.0 0.5 283.478802642286
126 1.1 60.0 280.0 313.1856836633258 90.0 90.0 90.0 90.0 -90.0 -90.0 -90.0 -90.0 0.5 290.07136732665174
127 1.125 60.0 280.0 316.48192377432537 90.0 90.0 90.0 90.0 -90.0 -90.0 -90.0 -90.0 0.5 296.66384754865084
128 1.15 60.0 280.0 319.77828278062066 90.0 90.0 90.0 90.0 -90.0 -90.0 -90.0 -90.0 0.5 303.2565655612414
129 1.175 60.0 280.0 323.0744804146933 90.0 90.0 90.0 90.0 -90.0 -90.0 -90.0 -90.0 0.5 309.8489608293867
130 1.2 60.0 280.0 326.37078056783275 90.0 90.0 90.0 90.0 -90.0 -90.0 -90.0 -90.0 0.5 316.44156113566555
131 1.225 60.0 280.0 329.6670879640839 90.0 90.0 90.0 90.0 -90.0 -90.0 -90.0 -90.0 0.5 323.03417592816794
132 1.25 60.0 280.0 332.9633119862948 90.0 90.0 90.0 90.0 -90.0 -90.0 -90.0 -90.0 0.5 329.62662397258964
133 0.8 70.0 280.0 222.59233376677713 90.0 0.0 90.0 0.0 0.0 -90.0 0.0 -90.0 0.5 108.88466753355432
134 0.825 70.0 280.0 224.29362945997212 90.0 0.0 90.0 0.0 0.0 -90.0 0.0 -90.0 0.5 112.28725891994428
135 0.85 70.0 280.0 280.22424359181895 90.0 90.0 90.0 90.0 -90.0 -90.0 -90.0 -90.0 0.5 224.1484871836379
136 0.875 70.0 280.0 283.5205551998738 90.0 90.0 90.0 90.0 -90.0 -90.0 -90.0 -90.0 0.5 230.7411103997477
137 0.9 70.0 280.0 286.8168542613621 90.0 90.0 90.0 90.0 -90.0 -90.0 -90.0 -90.0 0.5 237.33370852272418
138 0.925 70.0 280.0 290.11313378610095 90.0 90.0 90.0 90.0 -90.0 -90.0 -90.0 -90.0 0.5 243.92626757220197
139 0.95 70.0 280.0 293.4093842351912 90.0 90.0 90.0 90.0 -90.0 -90.0 -90.0 -90.0 0.5 250.51876847038244
140 0.975 70.0 280.0 296.7056727075588 90.0 90.0 90.0 90.0 -90.0 -90.0 -90.0 -90.0 0.5 257.1113454151176
141 1.0 70.0 280.0 300.0019217575097 90.0 90.0 90.0 90.0 -90.0 -90.0 -90.0 -90.0 0.5 263.7038435150194
142 1.025 70.0 280.0 303.297703941033 90.0 90.0 90.0 90.0 -90.0 -90.0 -90.0 -90.0 0.5 270.29540788206594
143 1.05 70.0 280.0 306.59368383657664 90.0 90.0 90.0 90.0 -90.0 -90.0 -90.0 -90.0 0.5 276.88736767315334
144 1.075 70.0 280.0 309.88994972443743 90.0 90.0 90.0 90.0 -90.0 -90.0 -90.0 -90.0 0.5 283.4798994488749
145 1.1 70.0 280.0 313.186244832923 90.0 90.0 90.0 90.0 -90.0 -90.0 -90.0 -90.0 0.5 290.0724896658461
146 1.125 70.0 280.0 316.48258670232156 90.0 90.0 90.0 90.0 -90.0 -90.0 -90.0 -90.0 0.5 296.6651734046432
147 1.15 70.0 280.0 319.77886946994687 90.0 90.0 90.0 90.0 -90.0 -90.0 -90.0 -90.0 0.5 303.2577389398937
148 1.175 70.0 280.0 323.07507985813527 90.0 90.0 90.0 90.0 -90.0 -90.0 -90.0 -90.0 0.5 309.8501597162706
149 1.2 70.0 280.0 326.37139276811666 90.0 90.0 90.0 90.0 -90.0 -90.0 -90.0 -90.0 0.5 316.44278553623343
150 1.225 70.0 280.0 329.6677129208037 90.0 90.0 90.0 90.0 -90.0 -90.0 -90.0 -90.0 0.5 323.0354258416075
151 1.25 70.0 280.0 332.9639496972334 90.0 90.0 90.0 90.0 -90.0 -90.0 -90.0 -90.0 0.5 329.6278993944668
152 0.8 80.0 280.0 222.59243113265018 90.0 0.0 90.0 0.0 0.0 -90.0 0.0 -90.0 0.5 108.88486226530038
153 0.825 80.0 280.0 224.29371656600057 90.0 0.0 90.0 0.0 0.0 -90.0 0.0 -90.0 0.5 112.28743313200121
154 0.85 80.0 280.0 225.9950300169273 90.0 0.0 90.0 0.0 0.0 -90.0 0.0 -90.0 0.5 115.69006003385465
155 0.875 80.0 280.0 283.5207197936528 90.0 90.0 90.0 90.0 -90.0 -90.0 -90.0 -90.0 0.5 230.74143958730568
156 0.9 80.0 280.0 286.81702355689214 90.0 90.0 90.0 90.0 -90.0 -90.0 -90.0 -90.0 0.5 237.33404711378432
157 0.925 80.0 280.0 290.11330778311134 90.0 90.0 90.0 90.0 -90.0 -90.0 -90.0 -90.0 0.5 243.9266155662227
158 0.95 80.0 280.0 293.4095629333418 90.0 90.0 90.0 90.0 -90.0 -90.0 -90.0 -90.0 0.5 250.5191258666837
159 0.975 80.0 280.0 296.7058561041232 90.0 90.0 90.0 90.0 -90.0 -90.0 -90.0 -90.0 0.5 257.11171220824644
160 1.0 80.0 280.0 300.0021098457006 90.0 90.0 90.0 90.0 -90.0 -90.0 -90.0 -90.0 0.5 263.7042196914013
161 1.025 80.0 280.0 303.2978966008479 90.0 90.0 90.0 90.0 -90.0 -90.0 -90.0 -90.0 0.5 270.2957932016958
162 1.05 80.0 280.0 306.5938813291771 90.0 90.0 90.0 90.0 -90.0 -90.0 -90.0 -90.0 0.5 276.8877626583543
163 1.075 80.0 280.0 309.8901519309059 90.0 90.0 90.0 90.0 -90.0 -90.0 -90.0 -90.0 0.5 283.4803038618118
164 1.1 80.0 280.0 313.1864517465711 90.0 90.0 90.0 90.0 -90.0 -90.0 -90.0 -90.0 0.5 290.07290349314223
165 1.125 80.0 280.0 316.4827983217341 90.0 90.0 90.0 90.0 -90.0 -90.0 -90.0 -90.0 0.5 296.66559664346835
166 1.15 80.0 280.0 319.7790857931993 90.0 90.0 90.0 90.0 -90.0 -90.0 -90.0 -90.0 0.5 303.25817158639853
167 1.175 80.0 280.0 323.07530088406713 90.0 90.0 90.0 90.0 -90.0 -90.0 -90.0 -90.0 0.5 309.8506017681343
168 1.2 80.0 280.0 326.3716184977346 90.0 90.0 90.0 90.0 -90.0 -90.0 -90.0 -90.0 0.5 316.44323699546925
169 1.225 80.0 280.0 329.6679433539577 90.0 90.0 90.0 90.0 -90.0 -90.0 -90.0 -90.0 0.5 323.03588670791555
170 1.25 80.0 280.0 332.9641848331048 90.0 90.0 90.0 90.0 -90.0 -90.0 -90.0 -90.0 0.5 329.6283696662097
171 0.8 90.0 280.0 222.5927087768508 90.0 0.0 90.0 0.0 0.0 -90.0 0.0 -90.0 0.5 108.88541755370164
172 0.825 90.0 280.0 224.2940655032509 90.0 0.0 90.0 0.0 0.0 -90.0 0.0 -90.0 0.5 112.28813100650184
173 0.85 90.0 280.0 225.9953349947921 90.0 0.0 90.0 0.0 0.0 -90.0 0.0 -90.0 0.5 115.69066998958426
174 0.875 90.0 280.0 283.52133643218906 90.0 90.0 90.0 90.0 -90.0 -90.0 -90.0 -90.0 0.5 230.74267286437825
175 0.9 90.0 280.0 286.81765781020124 90.0 90.0 90.0 90.0 -90.0 -90.0 -90.0 -90.0 0.5 237.33531562040247
176 0.925 90.0 280.0 290.1139596501813 90.0 90.0 90.0 90.0 -90.0 -90.0 -90.0 -90.0 0.5 243.92791930036256
177 0.95 90.0 280.0 293.41023241290094 90.0 90.0 90.0 90.0 -90.0 -90.0 -90.0 -90.0 0.5 250.5204648258019
178 0.975 90.0 280.0 296.70654318597803 90.0 90.0 90.0 90.0 -90.0 -90.0 -90.0 -90.0 0.5 257.11308637195606
179 1.0 90.0 280.0 300.0028145044745 90.0 90.0 90.0 90.0 -90.0 -90.0 -90.0 -90.0 0.5 263.705629008949
180 1.025 90.0 280.0 303.2986183878731 90.0 90.0 90.0 90.0 -90.0 -90.0 -90.0 -90.0 0.5 270.2972367757463
181 1.05 90.0 280.0 306.5946212208896 90.0 90.0 90.0 90.0 -90.0 -90.0 -90.0 -90.0 0.5 276.8892424417794
182 1.075 90.0 280.0 309.89090948269455 90.0 90.0 90.0 90.0 -90.0 -90.0 -90.0 -90.0 0.5 283.48181896538915
183 1.1 90.0 280.0 313.18722693342903 90.0 90.0 90.0 90.0 -90.0 -90.0 -90.0 -90.0 0.5 290.07445386685805
184 1.125 90.0 280.0 316.4835911383705 90.0 90.0 90.0 90.0 -90.0 -90.0 -90.0 -90.0 0.5 296.6671822767411
185 1.15 90.0 280.0 319.7798962324183 90.0 90.0 90.0 90.0 -90.0 -90.0 -90.0 -90.0 0.5 303.25979246483666
186 1.175 90.0 280.0 323.0761289415301 90.0 90.0 90.0 90.0 -90.0 -90.0 -90.0 -90.0 0.5 309.8522578830602
187 1.2 90.0 280.0 326.37246417720525 90.0 90.0 90.0 90.0 -90.0 -90.0 -90.0 -90.0 0.5 316.44492835441054
188 1.225 90.0 280.0 329.66880665487537 90.0 90.0 90.0 90.0 -90.0 -90.0 -90.0 -90.0 0.5 323.0376133097507
189 1.25 90.0 280.0 332.9650657524085 90.0 90.0 90.0 90.0 -90.0 -90.0 -90.0 -90.0 0.5 329.63013150481703
