# Name of benchmark/experiment: FILLET Experiment 1 (warm start)
# Case number: 49
# Instellation (S_earth): 1.075
# XCO2 (ppm): 280.0
# Obliquity (degrees): 20.0
# Mode: seasonal
#
# Columns of data (annually averaged for last orbit)
# Lat Tsurf Asurf ATOA OLR Fland
 -90.00   274.79 0.2250 0.2250   213.27 0.2500
 -77.83   278.97 0.2250 0.2250   221.65 0.2500
 -72.76   281.74 0.2250 0.2250   227.18 0.2500
 -68.84   284.20 0.2250 0.2250   232.10 0.2500
 -65.52   286.49 0.2250 0.2250   236.69 0.2500
 -62.58   288.66 0.2250 0.2250   241.02 0.2500
 -59.90   290.71 0.2250 0.2250   245.12 0.2500
 -57.43   292.67 0.2250 0.2250   249.04 0.2500
 -55.11   294.53 0.2250 0.2250   252.76 0.2500
 -52.92   296.31 0.2250 0.2250   256.33 0.2500
 -50.83   298.01 0.2250 0.2250   259.73 0.2500
 -48.83   299.64 0.2250 0.2250   262.98 0.2500
 -46.91   301.20 0.2250 0.2250   266.09 0.2500
 -45.06   302.69 0.2250 0.2250   269.07 0.2500
 -43.27   304.11 0.2250 0.2250   271.92 0.2500
 -41.52   305.47 0.2250 0.2250   274.64 0.2500
 -39.83   306.77 0.2250 0.2250   277.24 0.2500
 -38.17   308.01 0.2250 0.2250   279.73 0.2500
 -36.55   309.20 0.2250 0.2250   282.10 0.2500
 -34.96   310.33 0.2250 0.2250   284.37 0.2500
 -33.41   311.41 0.2250 0.2250   286.53 0.2500
 -31.88   312.44 0.2250 0.2250   288.58 0.2500
 -30.37   313.42 0.2250 0.2250   290.54 0.2500
 -28.89   314.35 0.2250 0.2250   292.39 0.2500
 -27.43   315.23 0.2250 0.2250   294.15 0.2500
 -25.99   316.06 0.2250 0.2250   295.82 0.2500
 -24.57   316.85 0.2250 0.2250   297.39 0.2500
 -23.16   317.59 0.2250 0.2250   298.87 0.2500
 -21.76   318.28 0.2250 0.2250   300.27 0.2500
 -20.38   318.94 0.2250 0.2250   301.57 0.2500
 -19.02   319.54 0.2250 0.2250   302.79 0.2500
 -17.66   320.11 0.2250 0.2250   303.92 0.2500
 -16.31   320.63 0.2250 0.2250   304.97 0.2500
 -14.98   321.12 0.2250 0.2250   305.93 0.2500
 -13.65   321.56 0.2250 0.2250   306.81 0.2500
 -12.33   321.95 0.2250 0.2250   307.61 0.2500
 -11.01   322.31 0.2250 0.2250   308.32 0.2500
  -9.70   322.63 0.2250 0.2250   308.96 0.2500
  -8.40   322.91 0.2250 0.2250   309.51 0.2500
  -7.10   323.14 0.2250 0.2250   309.99 0.2500
  -5.80   323.34 0.2250 0.2250   310.38 0.2500
  -4.51   323.50 0.2250 0.2250   310.70 0.2500
  -3.22   323.62 0.2250 0.2250   310.93 0.2500
  -1.93   323.70 0.2250 0.2250   311.09 0.2500
  -0.64   323.73 0.2250 0.2250   311.17 0.2500
   0.64   323.73 0.2250 0.2250   311.17 0.2500
   1.93   323.70 0.2250 0.2250   311.09 0.2500
   3.22   323.62 0.2250 0.2250   310.93 0.2500
   4.51   323.50 0.2250 0.2250   310.70 0.2500
   5.80   323.34 0.2250 0.2250   310.38 0.2500
   7.10   323.14 0.2250 0.2250   309.99 0.2500
   8.40   322.91 0.2250 0.2250   309.51 0.2500
   9.70   322.63 0.2250 0.2250   308.96 0.2500
  11.01   322.31 0.2250 0.2250   308.32 0.2500
  12.33   321.95 0.2250 0.2250   307.61 0.2500
  13.65   321.56 0.2250 0.2250   306.81 0.2500
  14.98   321.12 0.2250 0.2250   305.93 0.2500
  16.31   320.63 0.2250 0.2250   304.97 0.2500
  17.66   320.11 0.2250 0.2250   303.92 0.2500
  19.02   319.54 0.2250 0.2250   302.79 0.2500
  20.38   318.94 0.2250 0.2250   301.57 0.2500
  21.76   318.28 0.2250 0.2250   300.27 0.2500
  23.16   317.59 0.2250 0.2250   298.87 0.2500
  24.57   316.85 0.2250 0.2250   297.39 0.2500
  25.99   316.06 0.2250 0.2250   295.82 0.2500
  27.43   315.23 0.2250 0.2250   294.15 0.2500
  28.89   314.35 0.2250 0.2250   292.39 0.2500
  30.37   313.42 0.2250 0.2250   290.54 0.2500
  31.88   312.44 0.2250 0.2250   288.58 0.2500
  33.41   311.41 0.2250 0.2250   286.53 0.2500
  34.96   310.33 0.2250 0.2250   284.37 0.2500
  36.55   309.20 0.2250 0.2250   282.10 0.2500
  38.17   308.01 0.2250 0.2250   279.73 0.2500
  39.83   306.77 0.2250 0.2250   277.24 0.2500
  41.52   305.47 0.2250 0.2250   274.64 0.2500
  43.27   304.11 0.2250 0.2250   271.92 0.2500
  45.06   302.69 0.2250 0.2250   269.07 0.2500
  46.91   301.20 0.2250 0.2250   266.09 0.2500
  48.83   299.64 0.2250 0.2250   262.98 0.2500
  50.83   298.01 0.2250 0.2250   259.73 0.2500
  52.92   296.31 0.2250 0.2250   256.33 0.2500
  55.11   294.53 0.2250 0.2250   252.76 0.2500
  57.43   292.67 0.2250 0.2250   249.04 0.2500
  59.90   290.71 0.2250 0.2250   245.12 0.2500
  62.58   288.66 0.2250 0.2250   241.02 0.2500
  65.52   286.49 0.2250 0.2250   236.69 0.2500
  68.84   284.20 0.2250 0.2250   232.10 0.2500
  72.76   281.74 0.2250 0.2250   227.18 0.2500
  77.83   278.97 0.2250 0.2250   221.65 0.2500
  90.00   274.79 0.2250 0.2250   213.27 0.2500
