# Name of benchmark/experiment: FILLET Experiment 1 (warm start)
# Case number: 14
# Instellation (S_earth): 1.15
# XCO2 (ppm): 280.0
# Obliquity (degrees): 0.0
# Mode: seasonal
#
# Columns of data (annually averaged for last orbit)
# Lat Tsurf Asurf ATOA OLR Fland
 -90.00   266.50 0.2250 0.2250   196.70 0.2500
 -77.83   275.39 0.2250 0.2250   214.48 0.2500
 -72.76   280.41 0.2250 0.2250   224.53 0.2500
 -68.84   284.48 0.2250 0.2250   232.67 0.2500
 -65.52   288.05 0.2250 0.2250   239.79 0.2500
 -62.58   291.27 0.2250 0.2250   246.24 0.2500
 -59.90   294.24 0.2250 0.2250   252.17 0.2500
 -57.43   297.00 0.2250 0.2250   257.69 0.2500
 -55.11   299.58 0.2250 0.2250   262.86 0.2500
 -52.92   302.01 0.2250 0.2250   267.72 0.2500
 -50.83   304.31 0.2250 0.2250   272.31 0.2500
 -48.83   306.48 0.2250 0.2250   276.66 0.2500
 -46.91   308.54 0.2250 0.2250   280.78 0.2500
 -45.06   310.49 0.2250 0.2250   284.69 0.2500
 -43.27   312.35 0.2250 0.2250   288.40 0.2500
 -41.52   314.12 0.2250 0.2250   291.93 0.2500
 -39.83   315.80 0.2250 0.2250   295.29 0.2500
 -38.17   317.39 0.2250 0.2250   298.49 0.2500
 -36.55   318.91 0.2250 0.2250   301.53 0.2500
 -34.96   320.36 0.2250 0.2250   304.41 0.2500
 -33.41   321.73 0.2250 0.2250   307.16 0.2500
 -31.88   323.03 0.2250 0.2250   309.76 0.2500
 -30.37   324.27 0.2250 0.2250   312.23 0.2500
 -28.89   325.44 0.2250 0.2250   314.58 0.2500
 -27.43   326.54 0.2250 0.2250   316.79 0.2500
 -25.99   327.59 0.2250 0.2250   318.88 0.2500
 -24.57   328.58 0.2250 0.2250   320.85 0.2500
 -23.16   329.50 0.2250 0.2250   322.71 0.2500
 -21.76   330.37 0.2250 0.2250   324.45 0.2500
 -20.38   331.19 0.2250 0.2250   326.07 0.2500
 -19.02   331.94 0.2250 0.2250   327.59 0.2500
 -17.66   332.65 0.2250 0.2250   329.00 0.2500
 -16.31   333.30 0.2250 0.2250   330.30 0.2500
 -14.98   333.90 0.2250 0.2250   331.49 0.2500
 -13.65   334.44 0.2250 0.2250   332.59 0.2500
 -12.33   334.94 0.2250 0.2250   333.57 0.2500
 -11.01   335.38 0.2250 0.2250   334.46 0.2500
  -9.70   335.77 0.2250 0.2250   335.25 0.2500
  -8.40   336.12 0.2250 0.2250   335.93 0.2500
  -7.10   336.41 0.2250 0.2250   336.52 0.2500
  -5.80   336.65 0.2250 0.2250   337.01 0.2500
  -4.51   336.85 0.2250 0.2250   337.40 0.2500
  -3.22   336.99 0.2250 0.2250   337.69 0.2500
  -1.93   337.09 0.2250 0.2250   337.88 0.2500
  -0.64   337.14 0.2250 0.2250   337.98 0.2500
   0.64   337.14 0.2250 0.2250   337.98 0.2500
   1.93   337.09 0.2250 0.2250   337.88 0.2500
   3.22   336.99 0.2250 0.2250   337.69 0.2500
   4.51   336.85 0.2250 0.2250   337.40 0.2500
   5.80   336.65 0.2250 0.2250   337.01 0.2500
   7.10   336.41 0.2250 0.2250   336.52 0.2500
   8.40   336.12 0.2250 0.2250   335.93 0.2500
   9.70   335.77 0.2250 0.2250   335.25 0.2500
  11.01   335.38 0.2250 0.2250   334.46 0.2500
  12.33   334.94 0.2250 0.2250   333.57 0.2500
  13.65   334.44 0.2250 0.2250   332.59 0.2500
  14.98   333.90 0.2250 0.2250   331.49 0.2500
  16.31   333.30 0.2250 0.2250   330.30 0.2500
  17.66   332.65 0.2250 0.2250   329.00 0.2500
  19.02   331.94 0.2250 0.2250   327.59 0.2500
  20.38   331.19 0.2250 0.2250   326.07 0.2500
  21.76   330.37 0.2250 0.2250   324.45 0.2500
  23.16   329.50 0.2250 0.2250   322.71 0.2500
  24.57   328.58 0.2250 0.2250   320.85 0.2500
  25.99   327.59 0.2250 0.2250   318.88 0.2500
  27.43   326.54 0.2250 0.2250   316.79 0.2500
  28.89   325.44 0.2250 0.2250   314.58 0.2500
  30.37   324.27 0.2250 0.2250   312.23 0.2500
  31.88   323.03 0.2250 0.2250   309.76 0.2500
  33.41   321.73 0.2250 0.2250   307.16 0.2500
  34.96   320.36 0.2250 0.2250   304.41 0.2500
  36.55   318.91 0.2250 0.2250   301.53 0.2500
  38.17   317.39 0.2250 0.2250   298.49 0.2500
  39.83   315.80 0.2250 0.2250   295.29 0.2500
  41.52   314.12 0.2250 0.2250   291.93 0.2500
  43.27   312.35 0.2250 0.2250   288.40 0.2500
  45.06   310.49 0.2250 0.2250   284.69 0.2500
  46.91   308.54 0.2250 0.2250   280.78 0.2500
  48.83   306.48 0.2250 0.2250   276.66 0.2500
  50.83   304.31 0.2250 0.2250   272.31 0.2500
  52.92   302.01 0.2250 0.2250   267.72 0.2500
  55.11   299.58 0.2250 0.2250   262.86 0.2500
  57.43   297.00 0.2250 0.2250   257.69 0.2500
  59.90   294.24 0.2250 0.2250   252.17 0.2500
  62.58   291.27 0.2250 0.2250   246.24 0.2500
  65.52   288.05 0.2250 0.2250   239.79 0.2500
  68.84   284.48 0.2250 0.2250   232.67 0.2500
  72.76   280.41 0.2250 0.2250   224.53 0.2500
  77.83   275.39 0.2250 0.2250   214.48 0.2500
  90.00   266.50 0.2250 0.2250   196.70 0.2500
