# Name of benchmark/experiment: FILLET Experiment 1 (warm start)
# Case number: 11
# Instellation (S_earth): 1.075
# XCO2 (ppm): 280.0
# Obliquity (degrees): 0.0
# Mode: seasonal
#
# Columns of data (annually averaged for last orbit)
# Lat Tsurf Asurf ATOA OLR Fland
 -90.00   260.08 0.6000 0.6000   183.87 0.2500
 -77.83   268.40 0.2250 0.2250   200.49 0.2500
 -72.76   273.09 0.2250 0.2250   209.89 0.2500
 -68.84   276.90 0.2250 0.2250   217.49 0.2500
 -65.52   280.23 0.2250 0.2250   224.15 0.2500
 -62.58   283.24 0.2250 0.2250   230.18 0.2500
 -59.90   286.01 0.2250 0.2250   235.73 0.2500
 -57.43   288.59 0.2250 0.2250   240.89 0.2500
 -55.11   291.01 0.2250 0.2250   245.72 0.2500
 -52.92   293.28 0.2250 0.2250   250.26 0.2500
 -50.83   295.43 0.2250 0.2250   254.56 0.2500
 -48.83   297.46 0.2250 0.2250   258.62 0.2500
 -46.91   299.38 0.2250 0.2250   262.47 0.2500
 -45.06   301.21 0.2250 0.2250   266.12 0.2500
 -43.27   302.95 0.2250 0.2250   269.59 0.2500
 -41.52   304.60 0.2250 0.2250   272.89 0.2500
 -39.83   306.17 0.2250 0.2250   276.03 0.2500
 -38.17   307.66 0.2250 0.2250   279.02 0.2500
 -36.55   309.08 0.2250 0.2250   281.86 0.2500
 -34.96   310.43 0.2250 0.2250   284.56 0.2500
 -33.41   311.71 0.2250 0.2250   287.13 0.2500
 -31.88   312.93 0.2250 0.2250   289.56 0.2500
 -30.37   314.09 0.2250 0.2250   291.87 0.2500
 -28.89   315.18 0.2250 0.2250   294.06 0.2500
 -27.43   316.21 0.2250 0.2250   296.13 0.2500
 -25.99   317.19 0.2250 0.2250   298.08 0.2500
 -24.57   318.11 0.2250 0.2250   299.93 0.2500
 -23.16   318.98 0.2250 0.2250   301.66 0.2500
 -21.76   319.79 0.2250 0.2250   303.29 0.2500
 -20.38   320.55 0.2250 0.2250   304.81 0.2500
 -19.02   321.26 0.2250 0.2250   306.22 0.2500
 -17.66   321.92 0.2250 0.2250   307.54 0.2500
 -16.31   322.53 0.2250 0.2250   308.76 0.2500
 -14.98   323.09 0.2250 0.2250   309.87 0.2500
 -13.65   323.60 0.2250 0.2250   310.89 0.2500
 -12.33   324.06 0.2250 0.2250   311.82 0.2500
 -11.01   324.47 0.2250 0.2250   312.65 0.2500
  -9.70   324.84 0.2250 0.2250   313.38 0.2500
  -8.40   325.16 0.2250 0.2250   314.02 0.2500
  -7.10   325.44 0.2250 0.2250   314.57 0.2500
  -5.80   325.66 0.2250 0.2250   315.03 0.2500
  -4.51   325.85 0.2250 0.2250   315.39 0.2500
  -3.22   325.98 0.2250 0.2250   315.67 0.2500
  -1.93   326.07 0.2250 0.2250   315.85 0.2500
  -0.64   326.12 0.2250 0.2250   315.94 0.2500
   0.64   326.12 0.2250 0.2250   315.94 0.2500
   1.93   326.07 0.2250 0.2250   315.85 0.2500
   3.22   325.98 0.2250 0.2250   315.67 0.2500
   4.51   325.85 0.2250 0.2250   315.39 0.2500
   5.80   325.66 0.2250 0.2250   315.03 0.2500
   7.10   325.44 0.2250 0.2250   314.57 0.2500
   8.40   325.16 0.2250 0.2250   314.02 0.2500
   9.70   324.84 0.2250 0.2250   313.38 0.2500
  11.01   324.47 0.2250 0.2250   312.65 0.2500
  12.33   324.06 0.2250 0.2250   311.82 0.2500
  13.65   323.60 0.2250 0.2250   310.89 0.2500
  14.98   323.09 0.2250 0.2250   309.87 0.2500
  16.31   322.53 0.2250 0.2250   308.76 0.2500
  17.66   321.92 0.2250 0.2250   307.54 0.2500
  19.02   321.26 0.2250 0.2250   306.22 0.2500
  20.38   320.55 0.2250 0.2250   304.81 0.2500
  21.76   319.79 0.2250 0.2250   303.29 0.2500
  23.16   318.98 0.2250 0.2250   301.66 0.2500
  24.57   318.11 0.2250 0.2250   299.93 0.2500
  25.99   317.19 0.2250 0.2250   298.08 0.2500
  27.43   316.21 0.2250 0.2250   296.13 0.2500
  28.89   315.18 0.2250 0.2250   294.06 0.2500
  30.37   314.09 0.2250 0.2250   291.87 0.2500
  31.88   312.93 0.2250 0.2250   289.56 0.2500
  33.41   311.71 0.2250 0.2250   287.13 0.2500
  34.96   310.43 0.2250 0.2250   284.56 0.2500
  36.55   309.08 0.2250 0.2250   281.86 0.2500
  38.17   307.66 0.2250 0.2250   279.02 0.2500
  39.83   306.17 0.2250 0.2250   276.03 0.2500
  41.52   304.60 0.2250 0.2250   272.89 0.2500
  43.27   302.95 0.2250 0.2250   269.59 0.2500
  45.06   301.21 0.2250 0.2250   266.12 0.2500
  46.91   299.38 0.2250 0.2250   262.47 0.2500
  48.83   297.46 0.2250 0.2250   258.62 0.2500
  50.83   295.43 0.2250 0.2250   254.56 0.2500
  52.92   293.28 0.2250 0.2250   250.26 0.2500
  55.11   291.01 0.2250 0.2250   245.72 0.2500
  57.43   288.59 0.2250 0.2250   240.89 0.2500
  59.90   286.01 0.2250 0.2250   235.73 0.2500
  62.58   283.24 0.2250 0.2250   230.18 0.2500
  65.52   280.23 0.2250 0.2250   224.15 0.2500
  68.84   276.90 0.2250 0.2250   217.49 0.2500
  72.76   273.09 0.2250 0.2250   209.89 0.2500
  77.83   268.40 0.2250 0.2250   200.49 0.2500
  90.00   260.08 0.6000 0.6000   183.87 0.2500
