# Name of benchmark/experiment: FILLET Experiment 1 (warm start)
# Case number: 62
# Instellation (S_earth): 0.925
# XCO2 (ppm): 280.0
# Obliquity (degrees): 30.0
# Mode: seasonal
#
# Columns of data (annually averaged for last orbit)
# Lat Tsurf Asurf ATOA OLR Fland
 -90.00   268.89 0.2250 0.2250   201.47 0.2500
 -77.83   271.14 0.2250 0.2250   205.97 0.2500
 -72.76   272.61 0.2250 0.2250   208.91 0.2500
 -68.84   273.93 0.2250 0.2250   211.56 0.2500
 -65.52   275.19 0.2250 0.2250   214.07 0.2500
 -62.58   276.40 0.2250 0.2250   216.50 0.2500
 -59.90   277.59 0.2250 0.2250   218.88 0.2500
 -57.43   278.75 0.2250 0.2250   221.19 0.2500
 -55.11   279.88 0.2250 0.2250   223.45 0.2500
 -52.92   280.98 0.2250 0.2250   225.65 0.2500
 -50.83   282.04 0.2250 0.2250   227.79 0.2500
 -48.83   283.08 0.2250 0.2250   229.86 0.2500
 -46.91   284.08 0.2250 0.2250   231.86 0.2500
 -45.06   285.05 0.2250 0.2250   233.79 0.2500
 -43.27   285.98 0.2250 0.2250   235.66 0.2500
 -41.52   286.88 0.2250 0.2250   237.46 0.2500
 -39.83   287.75 0.2250 0.2250   239.19 0.2500
 -38.17   288.58 0.2250 0.2250   240.86 0.2500
 -36.55   289.38 0.2250 0.2250   242.46 0.2500
 -34.96   290.15 0.2250 0.2250   243.99 0.2500
 -33.41   290.88 0.2250 0.2250   245.46 0.2500
 -31.88   291.58 0.2250 0.2250   246.86 0.2500
 -30.37   292.25 0.2250 0.2250   248.20 0.2500
 -28.89   292.89 0.2250 0.2250   249.48 0.2500
 -27.43   293.50 0.2250 0.2250   250.69 0.2500
 -25.99   294.07 0.2250 0.2250   251.84 0.2500
 -24.57   294.62 0.2250 0.2250   252.93 0.2500
 -23.16   295.13 0.2250 0.2250   253.96 0.2500
 -21.76   295.62 0.2250 0.2250   254.93 0.2500
 -20.38   296.07 0.2250 0.2250   255.84 0.2500
 -19.02   296.50 0.2250 0.2250   256.70 0.2500
 -17.66   296.89 0.2250 0.2250   257.49 0.2500
 -16.31   297.26 0.2250 0.2250   258.22 0.2500
 -14.98   297.60 0.2250 0.2250   258.90 0.2500
 -13.65   297.91 0.2250 0.2250   259.52 0.2500
 -12.33   298.19 0.2250 0.2250   260.08 0.2500
 -11.01   298.44 0.2250 0.2250   260.58 0.2500
  -9.70   298.66 0.2250 0.2250   261.03 0.2500
  -8.40   298.86 0.2250 0.2250   261.42 0.2500
  -7.10   299.03 0.2250 0.2250   261.76 0.2500
  -5.80   299.17 0.2250 0.2250   262.03 0.2500
  -4.51   299.28 0.2250 0.2250   262.26 0.2500
  -3.22   299.36 0.2250 0.2250   262.42 0.2500
  -1.93   299.42 0.2250 0.2250   262.54 0.2500
  -0.64   299.45 0.2250 0.2250   262.59 0.2500
   0.64   299.45 0.2250 0.2250   262.59 0.2500
   1.93   299.42 0.2250 0.2250   262.54 0.2500
   3.22   299.36 0.2250 0.2250   262.42 0.2500
   4.51   299.28 0.2250 0.2250   262.26 0.2500
   5.80   299.17 0.2250 0.2250   262.03 0.2500
   7.10   299.03 0.2250 0.2250   261.76 0.2500
   8.40   298.86 0.2250 0.2250   261.42 0.2500
   9.70   298.66 0.2250 0.2250   261.03 0.2500
  11.01   298.44 0.2250 0.2250   260.58 0.2500
  12.33   298.19 0.2250 0.2250   260.08 0.2500
  13.65   297.91 0.2250 0.2250   259.52 0.2500
  14.98   297.60 0.2250 0.2250   258.90 0.2500
  16.31   297.26 0.2250 0.2250   258.22 0.2500
  17.66   296.89 0.2250 0.2250   257.49 0.2500
  19.02   296.50 0.2250 0.2250   256.70 0.2500
  20.38   296.07 0.2250 0.2250   255.84 0.2500
  21.76   295.62 0.2250 0.2250   254.93 0.2500
  23.16   295.13 0.2250 0.2250   253.96 0.2500
  24.57   294.62 0.2250 0.2250   252.93 0.2500
  25.99   294.07 0.2250 0.2250   251.84 0.2500
  27.43   293.50 0.2250 0.2250   250.69 0.2500
  28.89   292.89 0.2250 0.2250   249.48 0.2500
  30.37   292.25 0.2250 0.2250   248.20 0.2500
  31.88   291.58 0.2250 0.2250   246.86 0.2500
  33.41   290.88 0.2250 0.2250   245.46 0.2500
  34.96   290.15 0.2250 0.2250   243.99 0.2500
  36.55   289.38 0.2250 0.2250   242.46 0.2500
  38.17   288.58 0.2250 0.2250   240.86 0.2500
  39.83   287.75 0.2250 0.2250   239.19 0.2500
  41.52   286.88 0.2250 0.2250   237.46 0.2500
  43.27   285.98 0.2250 0.2250   235.66 0.2500
  45.06   285.05 0.2250 0.2250   233.79 0.2500
  46.91   284.08 0.2250 0.2250   231.86 0.2500
  48.83   283.08 0.2250 0.2250   229.86 0.2500
  50.83   282.04 0.2250 0.2250   227.79 0.2500
  52.92   280.98 0.2250 0.2250   225.65 0.2500
  55.11   279.88 0.2250 0.2250   223.45 0.2500
  57.43   278.75 0.2250 0.2250   221.19 0.2500
  59.90   277.59 0.2250 0.2250   218.88 0.2500
  62.58   276.40 0.2250 0.2250   216.50 0.2500
  65.52   275.19 0.2250 0.2250   214.07 0.2500
  68.84   273.93 0.2250 0.2250   211.56 0.2500
  72.76   272.61 0.2250 0.2250   208.91 0.2500
  77.83   271.14 0.2250 0.2250   205.97 0.2500
  90.00   268.89 0.2250 0.2250   201.47 0.2500
