# Name of benchmark/experiment: FILLET Experiment 1 (warm start)
# Case number: 48
# Instellation (S_earth): 1.05
# XCO2 (ppm): 280.0
# Obliquity (degrees): 20.0
# Mode: seasonal
#
# Columns of data (annually averaged for last orbit)
# Lat Tsurf Asurf ATOA OLR Fland
 -90.00   272.31 0.2250 0.2250   208.31 0.2500
 -77.83   276.40 0.2250 0.2250   216.49 0.2500
 -72.76   279.10 0.2250 0.2250   221.90 0.2500
 -68.84   281.50 0.2250 0.2250   226.71 0.2500
 -65.52   283.74 0.2250 0.2250   231.18 0.2500
 -62.58   285.86 0.2250 0.2250   235.41 0.2500
 -59.90   287.86 0.2250 0.2250   239.42 0.2500
 -57.43   289.77 0.2250 0.2250   243.24 0.2500
 -55.11   291.59 0.2250 0.2250   246.89 0.2500
 -52.92   293.33 0.2250 0.2250   250.36 0.2500
 -50.83   294.99 0.2250 0.2250   253.69 0.2500
 -48.83   296.58 0.2250 0.2250   256.87 0.2500
 -46.91   298.10 0.2250 0.2250   259.91 0.2500
 -45.06   299.56 0.2250 0.2250   262.81 0.2500
 -43.27   300.95 0.2250 0.2250   265.59 0.2500
 -41.52   302.28 0.2250 0.2250   268.25 0.2500
 -39.83   303.55 0.2250 0.2250   270.79 0.2500
 -38.17   304.76 0.2250 0.2250   273.22 0.2500
 -36.55   305.92 0.2250 0.2250   275.54 0.2500
 -34.96   307.03 0.2250 0.2250   277.75 0.2500
 -33.41   308.08 0.2250 0.2250   279.86 0.2500
 -31.88   309.09 0.2250 0.2250   281.87 0.2500
 -30.37   310.04 0.2250 0.2250   283.78 0.2500
 -28.89   310.95 0.2250 0.2250   285.59 0.2500
 -27.43   311.81 0.2250 0.2250   287.31 0.2500
 -25.99   312.62 0.2250 0.2250   288.94 0.2500
 -24.57   313.39 0.2250 0.2250   290.48 0.2500
 -23.16   314.11 0.2250 0.2250   291.92 0.2500
 -21.76   314.79 0.2250 0.2250   293.28 0.2500
 -20.38   315.43 0.2250 0.2250   294.56 0.2500
 -19.02   316.02 0.2250 0.2250   295.75 0.2500
 -17.66   316.58 0.2250 0.2250   296.85 0.2500
 -16.31   317.09 0.2250 0.2250   297.88 0.2500
 -14.98   317.56 0.2250 0.2250   298.82 0.2500
 -13.65   317.99 0.2250 0.2250   299.68 0.2500
 -12.33   318.38 0.2250 0.2250   300.45 0.2500
 -11.01   318.73 0.2250 0.2250   301.15 0.2500
  -9.70   319.04 0.2250 0.2250   301.77 0.2500
  -8.40   319.31 0.2250 0.2250   302.31 0.2500
  -7.10   319.54 0.2250 0.2250   302.78 0.2500
  -5.80   319.73 0.2250 0.2250   303.16 0.2500
  -4.51   319.89 0.2250 0.2250   303.47 0.2500
  -3.22   320.00 0.2250 0.2250   303.70 0.2500
  -1.93   320.08 0.2250 0.2250   303.86 0.2500
  -0.64   320.12 0.2250 0.2250   303.93 0.2500
   0.64   320.12 0.2250 0.2250   303.93 0.2500
   1.93   320.08 0.2250 0.2250   303.86 0.2500
   3.22   320.00 0.2250 0.2250   303.70 0.2500
   4.51   319.89 0.2250 0.2250   303.47 0.2500
   5.80   319.73 0.2250 0.2250   303.16 0.2500
   7.10   319.54 0.2250 0.2250   302.78 0.2500
   8.40   319.31 0.2250 0.2250   302.31 0.2500
   9.70   319.04 0.2250 0.2250   301.77 0.2500
  11.01   318.73 0.2250 0.2250   301.15 0.2500
  12.33   318.38 0.2250 0.2250   300.45 0.2500
  13.65   317.99 0.2250 0.2250   299.68 0.2500
  14.98   317.56 0.2250 0.2250   298.82 0.2500
  16.31   317.09 0.2250 0.2250   297.88 0.2500
  17.66   316.58 0.2250 0.2250   296.85 0.2500
  19.02   316.02 0.2250 0.2250   295.75 0.2500
  20.38   315.43 0.2250 0.2250   294.56 0.2500
  21.76   314.79 0.2250 0.2250   293.28 0.2500
  23.16   314.11 0.2250 0.2250   291.92 0.2500
  24.57   313.39 0.2250 0.2250   290.48 0.2500
  25.99   312.62 0.2250 0.2250   288.94 0.2500
  27.43   311.81 0.2250 0.2250   287.31 0.2500
  28.89   310.95 0.2250 0.2250   285.59 0.2500
  30.37   310.04 0.2250 0.2250   283.78 0.2500
  31.88   309.09 0.2250 0.2250   281.87 0.2500
  33.41   308.08 0.2250 0.2250   279.86 0.2500
  34.96   307.03 0.2250 0.2250   277.75 0.2500
  36.55   305.92 0.2250 0.2250   275.54 0.2500
  38.17   304.76 0.2250 0.2250   273.22 0.2500
  39.83   303.55 0.2250 0.2250   270.79 0.2500
  41.52   302.28 0.2250 0.2250   268.25 0.2500
  43.27   300.95 0.2250 0.2250   265.59 0.2500
  45.06   299.56 0.2250 0.2250   262.81 0.2500
  46.91   298.10 0.2250 0.2250   259.91 0.2500
  48.83   296.58 0.2250 0.2250   256.87 0.2500
  50.83   294.99 0.2250 0.2250   253.69 0.2500
  52.92   293.33 0.2250 0.2250   250.36 0.2500
  55.11   291.59 0.2250 0.2250   246.89 0.2500
  57.43   289.77 0.2250 0.2250   243.24 0.2500
  59.90   287.86 0.2250 0.2250   239.42 0.2500
  62.58   285.86 0.2250 0.2250   235.41 0.2500
  65.52   283.74 0.2250 0.2250   231.18 0.2500
  68.84   281.50 0.2250 0.2250   226.71 0.2500
  72.76   279.10 0.2250 0.2250   221.90 0.2500
  77.83   276.40 0.2250 0.2250   216.49 0.2500
  90.00   272.31 0.2250 0.2250   208.31 0.2500
