# Name of benchmark/experiment: FILLET Experiment 1 (warm start)
# Case number: 34
# Instellation (S_earth): 1.175
# XCO2 (ppm): 280.0
# Obliquity (degrees): 10.0
# Mode: seasonal
#
# Columns of data (annually averaged for last orbit)
# Lat Tsurf Asurf ATOA OLR Fland
 -90.00   275.31 0.2250 0.2250   214.32 0.2500
 -77.83   281.97 0.2250 0.2250   227.64 0.2500
 -72.76   286.21 0.2250 0.2250   236.12 0.2500
 -68.84   289.80 0.2250 0.2250   243.31 0.2500
 -65.52   293.03 0.2250 0.2250   249.77 0.2500
 -62.58   296.00 0.2250 0.2250   255.71 0.2500
 -59.90   298.77 0.2250 0.2250   261.24 0.2500
 -57.43   301.36 0.2250 0.2250   266.43 0.2500
 -55.11   303.81 0.2250 0.2250   271.32 0.2500
 -52.92   306.12 0.2250 0.2250   275.94 0.2500
 -50.83   308.31 0.2250 0.2250   280.33 0.2500
 -48.83   310.39 0.2250 0.2250   284.49 0.2500
 -46.91   312.37 0.2250 0.2250   288.45 0.2500
 -45.06   314.26 0.2250 0.2250   292.21 0.2500
 -43.27   316.05 0.2250 0.2250   295.80 0.2500
 -41.52   317.76 0.2250 0.2250   299.22 0.2500
 -39.83   319.39 0.2250 0.2250   302.48 0.2500
 -38.17   320.94 0.2250 0.2250   305.58 0.2500
 -36.55   322.41 0.2250 0.2250   308.53 0.2500
 -34.96   323.82 0.2250 0.2250   311.34 0.2500
 -33.41   325.16 0.2250 0.2250   314.01 0.2500
 -31.88   326.43 0.2250 0.2250   316.55 0.2500
 -30.37   327.63 0.2250 0.2250   318.97 0.2500
 -28.89   328.78 0.2250 0.2250   321.25 0.2500
 -27.43   329.86 0.2250 0.2250   323.42 0.2500
 -25.99   330.88 0.2250 0.2250   325.46 0.2500
 -24.57   331.85 0.2250 0.2250   327.39 0.2500
 -23.16   332.75 0.2250 0.2250   329.21 0.2500
 -21.76   333.61 0.2250 0.2250   330.91 0.2500
 -20.38   334.40 0.2250 0.2250   332.51 0.2500
 -19.02   335.15 0.2250 0.2250   333.99 0.2500
 -17.66   335.84 0.2250 0.2250   335.37 0.2500
 -16.31   336.48 0.2250 0.2250   336.65 0.2500
 -14.98   337.06 0.2250 0.2250   337.82 0.2500
 -13.65   337.60 0.2250 0.2250   338.90 0.2500
 -12.33   338.08 0.2250 0.2250   339.87 0.2500
 -11.01   338.52 0.2250 0.2250   340.74 0.2500
  -9.70   338.90 0.2250 0.2250   341.51 0.2500
  -8.40   339.24 0.2250 0.2250   342.18 0.2500
  -7.10   339.53 0.2250 0.2250   342.76 0.2500
  -5.80   339.77 0.2250 0.2250   343.24 0.2500
  -4.51   339.96 0.2250 0.2250   343.62 0.2500
  -3.22   340.10 0.2250 0.2250   343.91 0.2500
  -1.93   340.20 0.2250 0.2250   344.10 0.2500
  -0.64   340.25 0.2250 0.2250   344.20 0.2500
   0.64   340.25 0.2250 0.2250   344.20 0.2500
   1.93   340.20 0.2250 0.2250   344.10 0.2500
   3.22   340.10 0.2250 0.2250   343.91 0.2500
   4.51   339.96 0.2250 0.2250   343.62 0.2500
   5.80   339.77 0.2250 0.2250   343.24 0.2500
   7.10   339.53 0.2250 0.2250   342.76 0.2500
   8.40   339.24 0.2250 0.2250   342.18 0.2500
   9.70   338.90 0.2250 0.2250   341.51 0.2500
  11.01   338.52 0.2250 0.2250   340.74 0.2500
  12.33   338.08 0.2250 0.2250   339.87 0.2500
  13.65   337.60 0.2250 0.2250   338.90 0.2500
  14.98   337.06 0.2250 0.2250   337.82 0.2500
  16.31   336.48 0.2250 0.2250   336.65 0.2500
  17.66   335.84 0.2250 0.2250   335.37 0.2500
  19.02   335.15 0.2250 0.2250   333.99 0.2500
  20.38   334.40 0.2250 0.2250   332.51 0.2500
  21.76   333.61 0.2250 0.2250   330.91 0.2500
  23.16   332.75 0.2250 0.2250   329.21 0.2500
  24.57   331.85 0.2250 0.2250   327.39 0.2500
  25.99   330.88 0.2250 0.2250   325.46 0.2500
  27.43   329.86 0.2250 0.2250   323.42 0.2500
  28.89   328.78 0.2250 0.2250   321.25 0.2500
  30.37   327.63 0.2250 0.2250   318.97 0.2500
  31.88   326.43 0.2250 0.2250   316.55 0.2500
  33.41   325.16 0.2250 0.2250   314.01 0.2500
  34.96   323.82 0.2250 0.2250   311.34 0.2500
  36.55   322.41 0.2250 0.2250   308.53 0.2500
  38.17   320.94 0.2250 0.2250   305.58 0.2500
  39.83   319.39 0.2250 0.2250   302.48 0.2500
  41.52   317.76 0.2250 0.2250   299.22 0.2500
  43.27   316.05 0.2250 0.2250   295.80 0.2500
  45.06   314.26 0.2250 0.2250   292.21 0.2500
  46.91   312.37 0.2250 0.2250   288.45 0.2500
  48.83   310.39 0.2250 0.2250   284.49 0.2500
  50.83   308.31 0.2250 0.2250   280.33 0.2500
  52.92   306.12 0.2250 0.2250   275.94 0.2500
  55.11   303.81 0.2250 0.2250   271.32 0.2500
  57.43   301.36 0.2250 0.2250   266.43 0.2500
  59.90   298.77 0.2250 0.2250   261.24 0.2500
  62.58   296.00 0.2250 0.2250   255.71 0.2500
  65.52   293.03 0.2250 0.2250   249.77 0.2500
  68.84   289.80 0.2250 0.2250   243.31 0.2500
  72.76   286.21 0.2250 0.2250   236.12 0.2500
  77.83   281.97 0.2250 0.2250   227.64 0.2500
  90.00   275.31 0.2250 0.2250   214.32 0.2500
