# Name of benchmark/experiment: FILLET Experiment 2a (cold start, au)
# Case number: 17
# Instellation (S_earth): 1.469238
# XCO2 (ppm): 280.0
# Obliquity (degrees): 10.0
# Mode: seasonal
#
# Columns of data (annually averaged for last orbit)
# Lat Tsurf Asurf ATOA OLR Fland
 -90.00   302.14 0.2250 0.2250   267.98 0.2500
 -77.83   310.47 0.2250 0.2250   284.64 0.2500
 -72.76   315.77 0.2250 0.2250   295.24 0.2500
 -68.84   320.27 0.2250 0.2250   304.23 0.2500
 -65.52   324.31 0.2250 0.2250   312.31 0.2500
 -62.58   328.02 0.2250 0.2250   319.74 0.2500
 -59.90   331.48 0.2250 0.2250   326.66 0.2500
 -57.43   334.72 0.2250 0.2250   333.15 0.2500
 -55.11   337.78 0.2250 0.2250   339.26 0.2500
 -52.92   340.67 0.2250 0.2250   345.04 0.2500
 -50.83   343.41 0.2250 0.2250   350.52 0.2500
 -48.83   346.01 0.2250 0.2250   355.73 0.2500
 -46.91   348.49 0.2250 0.2250   360.68 0.2500
 -45.06   350.84 0.2250 0.2250   365.39 0.2500
 -43.27   353.09 0.2250 0.2250   369.88 0.2500
 -41.52   355.22 0.2250 0.2250   374.15 0.2500
 -39.83   357.26 0.2250 0.2250   378.22 0.2500
 -38.17   359.20 0.2250 0.2250   382.10 0.2500
 -36.55   361.05 0.2250 0.2250   385.79 0.2500
 -34.96   362.80 0.2250 0.2250   389.31 0.2500
 -33.41   364.47 0.2250 0.2250   392.65 0.2500
 -31.88   366.06 0.2250 0.2250   395.82 0.2500
 -30.37   367.57 0.2250 0.2250   398.84 0.2500
 -28.89   369.00 0.2250 0.2250   401.70 0.2500
 -27.43   370.35 0.2250 0.2250   404.41 0.2500
 -25.99   371.63 0.2250 0.2250   406.96 0.2500
 -24.57   372.84 0.2250 0.2250   409.38 0.2500
 -23.16   373.97 0.2250 0.2250   411.65 0.2500
 -21.76   375.04 0.2250 0.2250   413.78 0.2500
 -20.38   376.04 0.2250 0.2250   415.77 0.2500
 -19.02   376.96 0.2250 0.2250   417.63 0.2500
 -17.66   377.83 0.2250 0.2250   419.36 0.2500
 -16.31   378.63 0.2250 0.2250   420.95 0.2500
 -14.98   379.36 0.2250 0.2250   422.42 0.2500
 -13.65   380.03 0.2250 0.2250   423.76 0.2500
 -12.33   380.64 0.2250 0.2250   424.97 0.2500
 -11.01   381.18 0.2250 0.2250   426.06 0.2500
  -9.70   381.66 0.2250 0.2250   427.03 0.2500
  -8.40   382.09 0.2250 0.2250   427.87 0.2500
  -7.10   382.45 0.2250 0.2250   428.59 0.2500
  -5.80   382.75 0.2250 0.2250   429.19 0.2500
  -4.51   382.99 0.2250 0.2250   429.67 0.2500
  -3.22   383.17 0.2250 0.2250   430.03 0.2500
  -1.93   383.28 0.2250 0.2250   430.27 0.2500
  -0.64   383.34 0.2250 0.2250   430.39 0.2500
   0.64   383.34 0.2250 0.2250   430.39 0.2500
   1.93   383.28 0.2250 0.2250   430.27 0.2500
   3.22   383.17 0.2250 0.2250   430.03 0.2500
   4.51   382.99 0.2250 0.2250   429.67 0.2500
   5.80   382.75 0.2250 0.2250   429.19 0.2500
   7.10   382.45 0.2250 0.2250   428.59 0.2500
   8.40   382.09 0.2250 0.2250   427.87 0.2500
   9.70   381.66 0.2250 0.2250   427.03 0.2500
  11.01   381.18 0.2250 0.2250   426.06 0.2500
  12.33   380.64 0.2250 0.2250   424.97 0.2500
  13.65   380.03 0.2250 0.2250   423.76 0.2500
  14.98   379.36 0.2250 0.2250   422.42 0.2500
  16.31   378.63 0.2250 0.2250   420.95 0.2500
  17.66   377.83 0.2250 0.2250   419.36 0.2500
  19.02   376.96 0.2250 0.2250   417.63 0.2500
  20.38   376.04 0.2250 0.2250   415.77 0.2500
  21.76   375.04 0.2250 0.2250   413.78 0.2500
  23.16   373.97 0.2250 0.2250   411.65 0.2500
  24.57   372.84 0.2250 0.2250   409.38 0.2500
  25.99   371.63 0.2250 0.2250   406.96 0.2500
  27.43   370.35 0.2250 0.2250   404.41 0.2500
  28.89   369.00 0.2250 0.2250   401.70 0.2500
  30.37   367.57 0.2250 0.2250   398.84 0.2500
  31.88   366.06 0.2250 0.2250   395.82 0.2500
  33.41   364.47 0.2250 0.2250   392.65 0.2500
  34.96   362.80 0.2250 0.2250   389.31 0.2500
  36.55   361.05 0.2250 0.2250   385.79 0.2500
  38.17   359.20 0.2250 0.2250   382.10 0.2500
  39.83   357.26 0.2250 0.2250   378.22 0.2500
  41.52   355.22 0.2250 0.2250   374.15 0.2500
  43.27   353.09 0.2250 0.2250   369.88 0.2500
  45.06   350.84 0.2250 0.2250   365.39 0.2500
  46.91   348.49 0.2250 0.2250   360.68 0.2500
  48.83   346.01 0.2250 0.2250   355.73 0.2500
  50.83   343.41 0.2250 0.2250   350.52 0.2500
  52.92   340.67 0.2250 0.2250   345.04 0.2500
  55.11   337.78 0.2250 0.2250   339.26 0.2500
  57.43   334.72 0.2250 0.2250   333.15 0.2500
  59.90   331.48 0.2250 0.2250   326.66 0.2500
  62.58   328.02 0.2250 0.2250   319.74 0.2500
  65.52   324.31 0.2250 0.2250   312.31 0.2500
  68.84   320.27 0.2250 0.2250   304.23 0.2500
  72.76   315.77 0.2250 0.2250   295.24 0.2500
  77.83   310.47 0.2250 0.2250   284.64 0.2500
  90.00   302.14 0.2250 0.2250   267.98 0.2500
