# Name of benchmark/experiment: FILLET Experiment 2a (cold start, au)
# Case number: 61
# Instellation (S_earth): 1.514793
# XCO2 (ppm): 280.0
# Obliquity (degrees): 40.0
# Mode: seasonal
#
# Columns of data (annually averaged for last orbit)
# Lat Tsurf Asurf ATOA OLR Fland
 -90.00   348.49 0.2250 0.2250   360.69 0.2500
 -77.83   350.36 0.2250 0.2250   364.42 0.2500
 -72.76   351.51 0.2250 0.2250   366.72 0.2500
 -68.84   352.55 0.2250 0.2250   368.80 0.2500
 -65.52   353.55 0.2250 0.2250   370.80 0.2500
 -62.58   354.53 0.2250 0.2250   372.77 0.2500
 -59.90   355.50 0.2250 0.2250   374.71 0.2500
 -57.43   356.47 0.2250 0.2250   376.63 0.2500
 -55.11   357.42 0.2250 0.2250   378.55 0.2500
 -52.92   358.38 0.2250 0.2250   380.46 0.2500
 -50.83   359.34 0.2250 0.2250   382.37 0.2500
 -48.83   360.29 0.2250 0.2250   384.27 0.2500
 -46.91   361.23 0.2250 0.2250   386.16 0.2500
 -45.06   362.16 0.2250 0.2250   388.02 0.2500
 -43.27   363.08 0.2250 0.2250   389.85 0.2500
 -41.52   363.98 0.2250 0.2250   391.65 0.2500
 -39.83   364.85 0.2250 0.2250   393.41 0.2500
 -38.17   365.71 0.2250 0.2250   395.12 0.2500
 -36.55   366.54 0.2250 0.2250   396.79 0.2500
 -34.96   367.35 0.2250 0.2250   398.40 0.2500
 -33.41   368.13 0.2250 0.2250   399.97 0.2500
 -31.88   368.89 0.2250 0.2250   401.47 0.2500
 -30.37   369.61 0.2250 0.2250   402.92 0.2500
 -28.89   370.31 0.2250 0.2250   404.32 0.2500
 -27.43   370.98 0.2250 0.2250   405.65 0.2500
 -25.99   371.61 0.2250 0.2250   406.92 0.2500
 -24.57   372.22 0.2250 0.2250   408.14 0.2500
 -23.16   372.79 0.2250 0.2250   409.29 0.2500
 -21.76   373.34 0.2250 0.2250   410.38 0.2500
 -20.38   373.85 0.2250 0.2250   411.40 0.2500
 -19.02   374.33 0.2250 0.2250   412.36 0.2500
 -17.66   374.78 0.2250 0.2250   413.26 0.2500
 -16.31   375.20 0.2250 0.2250   414.10 0.2500
 -14.98   375.59 0.2250 0.2250   414.87 0.2500
 -13.65   375.94 0.2250 0.2250   415.58 0.2500
 -12.33   376.26 0.2250 0.2250   416.22 0.2500
 -11.01   376.55 0.2250 0.2250   416.80 0.2500
  -9.70   376.81 0.2250 0.2250   417.32 0.2500
  -8.40   377.04 0.2250 0.2250   417.77 0.2500
  -7.10   377.23 0.2250 0.2250   418.16 0.2500
  -5.80   377.39 0.2250 0.2250   418.48 0.2500
  -4.51   377.52 0.2250 0.2250   418.74 0.2500
  -3.22   377.62 0.2250 0.2250   418.93 0.2500
  -1.93   377.68 0.2250 0.2250   419.06 0.2500
  -0.64   377.71 0.2250 0.2250   419.13 0.2500
   0.64   377.71 0.2250 0.2250   419.13 0.2500
   1.93   377.68 0.2250 0.2250   419.06 0.2500
   3.22   377.62 0.2250 0.2250   418.93 0.2500
   4.51   377.52 0.2250 0.2250   418.74 0.2500
   5.80   377.39 0.2250 0.2250   418.48 0.2500
   7.10   377.23 0.2250 0.2250   418.16 0.2500
   8.40   377.04 0.2250 0.2250   417.77 0.2500
   9.70   376.81 0.2250 0.2250   417.32 0.2500
  11.01   376.55 0.2250 0.2250   416.80 0.2500
  12.33   376.26 0.2250 0.2250   416.22 0.2500
  13.65   375.94 0.2250 0.2250   415.58 0.2500
  14.98   375.59 0.2250 0.2250   414.87 0.2500
  16.31   375.20 0.2250 0.2250   414.10 0.2500
  17.66   374.78 0.2250 0.2250   413.26 0.2500
  19.02   374.33 0.2250 0.2250   412.36 0.2500
  20.38   373.85 0.2250 0.2250   411.40 0.2500
  21.76   373.34 0.2250 0.2250   410.38 0.2500
  23.16   372.79 0.2250 0.2250   409.29 0.2500
  24.57   372.22 0.2250 0.2250   408.14 0.2500
  25.99   371.61 0.2250 0.2250   406.92 0.2500
  27.43   370.98 0.2250 0.2250   405.65 0.2500
  28.89   370.31 0.2250 0.2250   404.32 0.2500
  30.37   369.61 0.2250 0.2250   402.92 0.2500
  31.88   368.89 0.2250 0.2250   401.47 0.2500
  33.41   368.13 0.2250 0.2250   399.97 0.2500
  34.96   367.35 0.2250 0.2250   398.40 0.2500
  36.55   366.54 0.2250 0.2250   396.79 0.2500
  38.17   365.71 0.2250 0.2250   395.12 0.2500
  39.83   364.85 0.2250 0.2250   393.41 0.2500
  41.52   363.98 0.2250 0.2250   391.65 0.2500
  43.27   363.08 0.2250 0.2250   389.85 0.2500
  45.06   362.16 0.2250 0.2250   388.02 0.2500
  46.91   361.23 0.2250 0.2250   386.16 0.2500
  48.83   360.29 0.2250 0.2250   384.27 0.2500
  50.83   359.34 0.2250 0.2250   382.37 0.2500
  52.92   358.38 0.2250 0.2250   380.46 0.2500
  55.11   357.42 0.2250 0.2250   378.55 0.2500
  57.43   356.47 0.2250 0.2250   376.63 0.2500
  59.90   355.50 0.2250 0.2250   374.71 0.2500
  62.58   354.53 0.2250 0.2250   372.77 0.2500
  65.52   353.55 0.2250 0.2250   370.80 0.2500
  68.84   352.55 0.2250 0.2250   368.80 0.2500
  72.76   351.51 0.2250 0.2250   366.72 0.2500
  77.83   350.36 0.2250 0.2250   364.42 0.2500
  90.00   348.49 0.2250 0.2250   360.69 0.2500
