# Name of benchmark/experiment: FILLET Experiment 2a (cold start, au)
# Case number: 45
# Instellation (S_earth): 1.5625
# XCO2 (ppm): 280.0
# Obliquity (degrees): 30.0
# Mode: seasonal
#
# Columns of data (annually averaged for last orbit)
# Lat Tsurf Asurf ATOA OLR Fland
 -90.00   338.31 0.2250 0.2250   340.32 0.2500
 -77.83   342.11 0.2250 0.2250   347.92 0.2500
 -72.76   344.60 0.2250 0.2250   352.89 0.2500
 -68.84   346.83 0.2250 0.2250   357.37 0.2500
 -65.52   348.95 0.2250 0.2250   361.61 0.2500
 -62.58   351.01 0.2250 0.2250   365.72 0.2500
 -59.90   353.01 0.2250 0.2250   369.72 0.2500
 -57.43   354.97 0.2250 0.2250   373.64 0.2500
 -55.11   356.88 0.2250 0.2250   377.45 0.2500
 -52.92   358.73 0.2250 0.2250   381.17 0.2500
 -50.83   360.54 0.2250 0.2250   384.77 0.2500
 -48.83   362.29 0.2250 0.2250   388.27 0.2500
 -46.91   363.98 0.2250 0.2250   391.65 0.2500
 -45.06   365.61 0.2250 0.2250   394.92 0.2500
 -43.27   367.19 0.2250 0.2250   398.07 0.2500
 -41.52   368.71 0.2250 0.2250   401.11 0.2500
 -39.83   370.17 0.2250 0.2250   404.04 0.2500
 -38.17   371.58 0.2250 0.2250   406.85 0.2500
 -36.55   372.93 0.2250 0.2250   409.55 0.2500
 -34.96   374.22 0.2250 0.2250   412.14 0.2500
 -33.41   375.46 0.2250 0.2250   414.62 0.2500
 -31.88   376.65 0.2250 0.2250   416.99 0.2500
 -30.37   377.78 0.2250 0.2250   419.26 0.2500
 -28.89   378.86 0.2250 0.2250   421.41 0.2500
 -27.43   379.88 0.2250 0.2250   423.46 0.2500
 -25.99   380.86 0.2250 0.2250   425.41 0.2500
 -24.57   381.78 0.2250 0.2250   427.25 0.2500
 -23.16   382.65 0.2250 0.2250   428.99 0.2500
 -21.76   383.47 0.2250 0.2250   430.63 0.2500
 -20.38   384.23 0.2250 0.2250   432.17 0.2500
 -19.02   384.95 0.2250 0.2250   433.61 0.2500
 -17.66   385.62 0.2250 0.2250   434.94 0.2500
 -16.31   386.24 0.2250 0.2250   436.18 0.2500
 -14.98   386.81 0.2250 0.2250   437.33 0.2500
 -13.65   387.34 0.2250 0.2250   438.37 0.2500
 -12.33   387.81 0.2250 0.2250   439.32 0.2500
 -11.01   388.23 0.2250 0.2250   440.17 0.2500
  -9.70   388.61 0.2250 0.2250   440.93 0.2500
  -8.40   388.94 0.2250 0.2250   441.59 0.2500
  -7.10   389.23 0.2250 0.2250   442.15 0.2500
  -5.80   389.46 0.2250 0.2250   442.62 0.2500
  -4.51   389.65 0.2250 0.2250   443.00 0.2500
  -3.22   389.79 0.2250 0.2250   443.28 0.2500
  -1.93   389.88 0.2250 0.2250   443.47 0.2500
  -0.64   389.93 0.2250 0.2250   443.56 0.2500
   0.64   389.93 0.2250 0.2250   443.56 0.2500
   1.93   389.88 0.2250 0.2250   443.47 0.2500
   3.22   389.79 0.2250 0.2250   443.28 0.2500
   4.51   389.65 0.2250 0.2250   443.00 0.2500
   5.80   389.46 0.2250 0.2250   442.62 0.2500
   7.10   389.23 0.2250 0.2250   442.15 0.2500
   8.40   388.94 0.2250 0.2250   441.59 0.2500
   9.70   388.61 0.2250 0.2250   440.93 0.2500
  11.01   388.23 0.2250 0.2250   440.17 0.2500
  12.33   387.81 0.2250 0.2250   439.32 0.2500
  13.65   387.34 0.2250 0.2250   438.37 0.2500
  14.98   386.81 0.2250 0.2250   437.33 0.2500
  16.31   386.24 0.2250 0.2250   436.18 0.2500
  17.66   385.62 0.2250 0.2250   434.94 0.2500
  19.02   384.95 0.2250 0.2250   433.61 0.2500
  20.38   384.23 0.2250 0.2250   432.17 0.2500
  21.76   383.47 0.2250 0.2250   430.63 0.2500
  23.16   382.65 0.2250 0.2250   428.99 0.2500
  24.57   381.78 0.2250 0.2250   427.25 0.2500
  25.99   380.86 0.2250 0.2250   425.41 0.2500
  27.43   379.88 0.2250 0.2250   423.46 0.2500
  28.89   378.86 0.2250 0.2250   421.41 0.2500
  30.37   377.78 0.2250 0.2250   419.26 0.2500
  31.88   376.65 0.2250 0.2250   416.99 0.2500
  33.41   375.46 0.2250 0.2250   414.62 0.2500
  34.96   374.22 0.2250 0.2250   412.14 0.2500
  36.55   372.93 0.2250 0.2250   409.55 0.2500
  38.17   371.58 0.2250 0.2250   406.85 0.2500
  39.83   370.17 0.2250 0.2250   404.04 0.2500
  41.52   368.71 0.2250 0.2250   401.11 0.2500
  43.27   367.19 0.2250 0.2250   398.07 0.2500
  45.06   365.61 0.2250 0.2250   394.92 0.2500
  46.91   363.98 0.2250 0.2250   391.65 0.2500
  48.83   362.29 0.2250 0.2250   388.27 0.2500
  50.83   360.54 0.2250 0.2250   384.77 0.2500
  52.92   358.73 0.2250 0.2250   381.17 0.2500
  55.11   356.88 0.2250 0.2250   377.45 0.2500
  57.43   354.97 0.2250 0.2250   373.64 0.2500
  59.90   353.01 0.2250 0.2250   369.72 0.2500
  62.58   351.01 0.2250 0.2250   365.72 0.2500
  65.52   348.95 0.2250 0.2250   361.61 0.2500
  68.84   346.83 0.2250 0.2250   357.37 0.2500
  72.76   344.60 0.2250 0.2250   352.89 0.2500
  77.83   342.11 0.2250 0.2250   347.92 0.2500
  90.00   338.31 0.2250 0.2250   340.32 0.2500
