# Name of benchmark/experiment: FILLET Experiment 2a (cold start, au)
# Case number: 24
# Instellation (S_earth): 1.200976
# XCO2 (ppm): 280.0
# Obliquity (degrees): 10.0
# Mode: seasonal
#
# Columns of data (annually averaged for last orbit)
# Lat Tsurf Asurf ATOA OLR Fland
 -90.00   224.68 0.6000 0.6000   113.06 0.2500
 -77.83   228.19 0.6000 0.6000   120.09 0.2500
 -72.76   230.43 0.6000 0.6000   124.56 0.2500
 -68.84   232.33 0.6000 0.6000   128.35 0.2500
 -65.52   234.03 0.6000 0.6000   131.76 0.2500
 -62.58   235.60 0.6000 0.6000   134.90 0.2500
 -59.90   237.06 0.6000 0.6000   137.81 0.2500
 -57.43   238.43 0.6000 0.6000   140.55 0.2500
 -55.11   239.72 0.6000 0.6000   143.13 0.2500
 -52.92   240.94 0.6000 0.6000   145.57 0.2500
 -50.83   242.09 0.6000 0.6000   147.88 0.2500
 -48.83   243.19 0.6000 0.6000   150.08 0.2500
 -46.91   244.23 0.6000 0.6000   152.17 0.2500
 -45.06   245.23 0.6000 0.6000   154.15 0.2500
 -43.27   246.17 0.6000 0.6000   156.05 0.2500
 -41.52   247.07 0.6000 0.6000   157.85 0.2500
 -39.83   247.93 0.6000 0.6000   159.57 0.2500
 -38.17   248.75 0.6000 0.6000   161.20 0.2500
 -36.55   249.53 0.6000 0.6000   162.76 0.2500
 -34.96   250.27 0.6000 0.6000   164.24 0.2500
 -33.41   250.98 0.6000 0.6000   165.65 0.2500
 -31.88   251.65 0.6000 0.6000   166.99 0.2500
 -30.37   252.28 0.6000 0.6000   168.27 0.2500
 -28.89   252.89 0.6000 0.6000   169.47 0.2500
 -27.43   253.46 0.6000 0.6000   170.61 0.2500
 -25.99   254.00 0.6000 0.6000   171.69 0.2500
 -24.57   254.51 0.6000 0.6000   172.71 0.2500
 -23.16   254.98 0.6000 0.6000   173.67 0.2500
 -21.76   255.43 0.6000 0.6000   174.57 0.2500
 -20.38   255.85 0.6000 0.6000   175.41 0.2500
 -19.02   256.25 0.6000 0.6000   176.19 0.2500
 -17.66   256.61 0.6000 0.6000   176.92 0.2500
 -16.31   256.95 0.6000 0.6000   177.60 0.2500
 -14.98   257.26 0.6000 0.6000   178.21 0.2500
 -13.65   257.54 0.6000 0.6000   178.78 0.2500
 -12.33   257.80 0.6000 0.6000   179.29 0.2500
 -11.01   258.03 0.6000 0.6000   179.75 0.2500
  -9.70   258.23 0.6000 0.6000   180.16 0.2500
  -8.40   258.41 0.6000 0.6000   180.51 0.2500
  -7.10   258.56 0.6000 0.6000   180.82 0.2500
  -5.80   258.69 0.6000 0.6000   181.07 0.2500
  -4.51   258.79 0.6000 0.6000   181.27 0.2500
  -3.22   258.86 0.6000 0.6000   181.43 0.2500
  -1.93   258.91 0.6000 0.6000   181.53 0.2500
  -0.64   258.94 0.6000 0.6000   181.58 0.2500
   0.64   258.94 0.6000 0.6000   181.58 0.2500
   1.93   258.91 0.6000 0.6000   181.53 0.2500
   3.22   258.86 0.6000 0.6000   181.43 0.2500
   4.51   258.79 0.6000 0.6000   181.27 0.2500
   5.80   258.69 0.6000 0.6000   181.07 0.2500
   7.10   258.56 0.6000 0.6000   180.82 0.2500
   8.40   258.41 0.6000 0.6000   180.51 0.2500
   9.70   258.23 0.6000 0.6000   180.16 0.2500
  11.01   258.03 0.6000 0.6000   179.75 0.2500
  12.33   257.80 0.6000 0.6000   179.29 0.2500
  13.65   257.54 0.6000 0.6000   178.78 0.2500
  14.98   257.26 0.6000 0.6000   178.21 0.2500
  16.31   256.95 0.6000 0.6000   177.60 0.2500
  17.66   256.61 0.6000 0.6000   176.92 0.2500
  19.02   256.25 0.6000 0.6000   176.19 0.2500
  20.38   255.85 0.6000 0.6000   175.41 0.2500
  21.76   255.43 0.6000 0.6000   174.57 0.2500
  23.16   254.98 0.6000 0.6000   173.67 0.2500
  24.57   254.51 0.6000 0.6000   172.71 0.2500
  25.99   254.00 0.6000 0.6000   171.69 0.2500
  27.43   253.46 0.6000 0.6000   170.61 0.2500
  28.89   252.89 0.6000 0.6000   169.47 0.2500
  30.37   252.28 0.6000 0.6000   168.27 0.2500
  31.88   251.65 0.6000 0.6000   166.99 0.2500
  33.41   250.98 0.6000 0.6000   165.65 0.2500
  34.96   250.27 0.6000 0.6000   164.24 0.2500
  36.55   249.53 0.6000 0.6000   162.76 0.2500
  38.17   248.75 0.6000 0.6000   161.20 0.2500
  39.83   247.93 0.6000 0.6000   159.57 0.2500
  41.52   247.07 0.6000 0.6000   157.85 0.2500
  43.27   246.17 0.6000 0.6000   156.05 0.2500
  45.06   245.23 0.6000 0.6000   154.15 0.2500
  46.91   244.23 0.6000 0.6000   152.17 0.2500
  48.83   243.19 0.6000 0.6000   150.08 0.2500
  50.83   242.09 0.6000 0.6000   147.88 0.2500
  52.92   240.94 0.6000 0.6000   145.57 0.2500
  55.11   239.72 0.6000 0.6000   143.13 0.2500
  57.43   238.43 0.6000 0.6000   140.55 0.2500
  59.90   237.06 0.6000 0.6000   137.81 0.2500
  62.58   235.60 0.6000 0.6000   134.90 0.2500
  65.52   234.03 0.6000 0.6000   131.76 0.2500
  68.84   232.33 0.6000 0.6000   128.35 0.2500
  72.76   230.43 0.6000 0.6000   124.56 0.2500
  77.83   228.19 0.6000 0.6000   120.09 0.2500
  90.00   224.68 0.6000 0.6000   113.06 0.2500
