# Name of benchmark/experiment: FILLET Experiment 2a (cold start, au)
# Case number: 141
# Instellation (S_earth): 1.306122
# XCO2 (ppm): 280.0
# Obliquity (degrees): 90.0
# Mode: seasonal
#
# Columns of data (annually averaged for last orbit)
# Lat Tsurf Asurf ATOA OLR Fland
 -90.00   362.12 0.2250 0.2250   387.94 0.2500
 -77.83   360.29 0.2250 0.2250   384.27 0.2500
 -72.76   358.91 0.2250 0.2250   381.52 0.2500
 -68.84   357.62 0.2250 0.2250   378.93 0.2500
 -65.52   356.37 0.2250 0.2250   376.43 0.2500
 -62.58   355.15 0.2250 0.2250   374.01 0.2500
 -59.90   353.97 0.2250 0.2250   371.65 0.2500
 -57.43   352.83 0.2250 0.2250   369.36 0.2500
 -55.11   351.72 0.2250 0.2250   367.14 0.2500
 -52.92   350.64 0.2250 0.2250   364.98 0.2500
 -50.83   349.58 0.2250 0.2250   362.86 0.2500
 -48.83   348.54 0.2250 0.2250   360.79 0.2500
 -46.91   347.53 0.2250 0.2250   358.76 0.2500
 -45.06   346.53 0.2250 0.2250   356.76 0.2500
 -43.27   345.55 0.2250 0.2250   354.81 0.2500
 -41.52   344.60 0.2250 0.2250   352.89 0.2500
 -39.83   343.66 0.2250 0.2250   351.01 0.2500
 -38.17   342.74 0.2250 0.2250   349.17 0.2500
 -36.55   341.84 0.2250 0.2250   347.38 0.2500
 -34.96   340.96 0.2250 0.2250   345.63 0.2500
 -33.41   340.11 0.2250 0.2250   343.92 0.2500
 -31.88   339.28 0.2250 0.2250   342.27 0.2500
 -30.37   338.48 0.2250 0.2250   340.67 0.2500
 -28.89   337.71 0.2250 0.2250   339.12 0.2500
 -27.43   336.97 0.2250 0.2250   337.64 0.2500
 -25.99   336.26 0.2250 0.2250   336.22 0.2500
 -24.57   335.58 0.2250 0.2250   334.86 0.2500
 -23.16   334.93 0.2250 0.2250   333.56 0.2500
 -21.76   334.31 0.2250 0.2250   332.32 0.2500
 -20.38   333.72 0.2250 0.2250   331.14 0.2500
 -19.02   333.16 0.2250 0.2250   330.03 0.2500
 -17.66   332.64 0.2250 0.2250   328.98 0.2500
 -16.31   332.14 0.2250 0.2250   327.99 0.2500
 -14.98   331.68 0.2250 0.2250   327.06 0.2500
 -13.65   331.25 0.2250 0.2250   326.20 0.2500
 -12.33   330.85 0.2250 0.2250   325.40 0.2500
 -11.01   330.49 0.2250 0.2250   324.67 0.2500
  -9.70   330.16 0.2250 0.2250   324.02 0.2500
  -8.40   329.86 0.2250 0.2250   323.43 0.2500
  -7.10   329.61 0.2250 0.2250   322.91 0.2500
  -5.80   329.39 0.2250 0.2250   322.48 0.2500
  -4.51   329.21 0.2250 0.2250   322.12 0.2500
  -3.22   329.07 0.2250 0.2250   321.85 0.2500
  -1.93   328.98 0.2250 0.2250   321.66 0.2500
  -0.64   328.93 0.2250 0.2250   321.56 0.2500
   0.64   328.93 0.2250 0.2250   321.56 0.2500
   1.93   328.98 0.2250 0.2250   321.66 0.2500
   3.22   329.07 0.2250 0.2250   321.85 0.2500
   4.51   329.21 0.2250 0.2250   322.12 0.2500
   5.80   329.39 0.2250 0.2250   322.48 0.2500
   7.10   329.61 0.2250 0.2250   322.91 0.2500
   8.40   329.86 0.2250 0.2250   323.43 0.2500
   9.70   330.16 0.2250 0.2250   324.02 0.2500
  11.01   330.49 0.2250 0.2250   324.67 0.2500
  12.33   330.85 0.2250 0.2250   325.40 0.2500
  13.65   331.25 0.2250 0.2250   326.20 0.2500
  14.98   331.68 0.2250 0.2250   327.06 0.2500
  16.31   332.14 0.2250 0.2250   327.99 0.2500
  17.66   332.64 0.2250 0.2250   328.98 0.2500
  19.02   333.16 0.2250 0.2250   330.03 0.2500
  20.38   333.72 0.2250 0.2250   331.14 0.2500
  21.76   334.31 0.2250 0.2250   332.32 0.2500
  23.16   334.93 0.2250 0.2250   333.56 0.2500
  24.57   335.58 0.2250 0.2250   334.86 0.2500
  25.99   336.26 0.2250 0.2250   336.22 0.2500
  27.43   336.97 0.2250 0.2250   337.64 0.2500
  28.89   337.71 0.2250 0.2250   339.12 0.2500
  30.37   338.48 0.2250 0.2250   340.67 0.2500
  31.88   339.28 0.2250 0.2250   342.27 0.2500
  33.41   340.11 0.2250 0.2250   343.92 0.2500
  34.96   340.96 0.2250 0.2250   345.63 0.2500
  36.55   341.84 0.2250 0.2250   347.38 0.2500
  38.17   342.74 0.2250 0.2250   349.17 0.2500
  39.83   343.66 0.2250 0.2250   351.01 0.2500
  41.52   344.60 0.2250 0.2250   352.89 0.2500
  43.27   345.55 0.2250 0.2250   354.81 0.2500
  45.06   346.53 0.2250 0.2250   356.76 0.2500
  46.91   347.53 0.2250 0.2250   358.76 0.2500
  48.83   348.54 0.2250 0.2250   360.79 0.2500
  50.83   349.58 0.2250 0.2250   362.86 0.2500
  52.92   350.64 0.2250 0.2250   364.98 0.2500
  55.11   351.72 0.2250 0.2250   367.14 0.2500
  57.43   352.83 0.2250 0.2250   369.36 0.2500
  59.90   353.97 0.2250 0.2250   371.65 0.2500
  62.58   355.15 0.2250 0.2250   374.01 0.2500
  65.52   356.37 0.2250 0.2250   376.43 0.2500
  68.84   357.62 0.2250 0.2250   378.93 0.2500
  72.76   358.91 0.2250 0.2250   381.52 0.2500
  77.83   360.29 0.2250 0.2250   384.27 0.2500
  90.00   362.12 0.2250 0.2250   387.94 0.2500
