# Name of benchmark/experiment: FILLET Experiment 2 (cold start)
# Case number: 113
# Instellation (S_earth): 1.5
# XCO2 (ppm): 280.0
# Obliquity (degrees): 50.0
# Mode: seasonal
#
# Columns of data (annually averaged for last orbit)
# Lat Tsurf Asurf ATOA OLR Fland
 -90.00   361.13 0.2250 0.2250   385.95 0.2500
 -77.83   361.53 0.2250 0.2250   386.77 0.2500
 -72.76   361.68 0.2250 0.2250   387.06 0.2500
 -68.84   361.79 0.2250 0.2250   387.28 0.2500
 -65.52   361.90 0.2250 0.2250   387.51 0.2500
 -62.58   362.04 0.2250 0.2250   387.78 0.2500
 -59.90   362.18 0.2250 0.2250   388.07 0.2500
 -57.43   362.34 0.2250 0.2250   388.38 0.2500
 -55.11   362.51 0.2250 0.2250   388.72 0.2500
 -52.92   362.69 0.2250 0.2250   389.07 0.2500
 -50.83   362.88 0.2250 0.2250   389.45 0.2500
 -48.83   363.08 0.2250 0.2250   389.85 0.2500
 -46.91   363.29 0.2250 0.2250   390.28 0.2500
 -45.06   363.52 0.2250 0.2250   390.74 0.2500
 -43.27   363.76 0.2250 0.2250   391.22 0.2500
 -41.52   364.02 0.2250 0.2250   391.73 0.2500
 -39.83   364.28 0.2250 0.2250   392.26 0.2500
 -38.17   364.55 0.2250 0.2250   392.80 0.2500
 -36.55   364.83 0.2250 0.2250   393.36 0.2500
 -34.96   365.11 0.2250 0.2250   393.92 0.2500
 -33.41   365.39 0.2250 0.2250   394.49 0.2500
 -31.88   365.68 0.2250 0.2250   395.06 0.2500
 -30.37   365.96 0.2250 0.2250   395.62 0.2500
 -28.89   366.24 0.2250 0.2250   396.18 0.2500
 -27.43   366.51 0.2250 0.2250   396.72 0.2500
 -25.99   366.78 0.2250 0.2250   397.25 0.2500
 -24.57   367.04 0.2250 0.2250   397.77 0.2500
 -23.16   367.29 0.2250 0.2250   398.27 0.2500
 -21.76   367.53 0.2250 0.2250   398.75 0.2500
 -20.38   367.76 0.2250 0.2250   399.21 0.2500
 -19.02   367.98 0.2250 0.2250   399.65 0.2500
 -17.66   368.18 0.2250 0.2250   400.06 0.2500
 -16.31   368.38 0.2250 0.2250   400.45 0.2500
 -14.98   368.56 0.2250 0.2250   400.81 0.2500
 -13.65   368.72 0.2250 0.2250   401.15 0.2500
 -12.33   368.88 0.2250 0.2250   401.46 0.2500
 -11.01   369.02 0.2250 0.2250   401.73 0.2500
  -9.70   369.14 0.2250 0.2250   401.98 0.2500
  -8.40   369.25 0.2250 0.2250   402.20 0.2500
  -7.10   369.34 0.2250 0.2250   402.39 0.2500
  -5.80   369.42 0.2250 0.2250   402.55 0.2500
  -4.51   369.49 0.2250 0.2250   402.67 0.2500
  -3.22   369.53 0.2250 0.2250   402.77 0.2500
  -1.93   369.57 0.2250 0.2250   402.83 0.2500
  -0.64   369.58 0.2250 0.2250   402.86 0.2500
   0.64   369.58 0.2250 0.2250   402.86 0.2500
   1.93   369.57 0.2250 0.2250   402.83 0.2500
   3.22   369.53 0.2250 0.2250   402.77 0.2500
   4.51   369.49 0.2250 0.2250   402.67 0.2500
   5.80   369.42 0.2250 0.2250   402.55 0.2500
   7.10   369.34 0.2250 0.2250   402.39 0.2500
   8.40   369.25 0.2250 0.2250   402.20 0.2500
   9.70   369.14 0.2250 0.2250   401.98 0.2500
  11.01   369.02 0.2250 0.2250   401.73 0.2500
  12.33   368.88 0.2250 0.2250   401.46 0.2500
  13.65   368.72 0.2250 0.2250   401.15 0.2500
  14.98   368.56 0.2250 0.2250   400.81 0.2500
  16.31   368.38 0.2250 0.2250   400.45 0.2500
  17.66   368.18 0.2250 0.2250   400.06 0.2500
  19.02   367.98 0.2250 0.2250   399.65 0.2500
  20.38   367.76 0.2250 0.2250   399.21 0.2500
  21.76   367.53 0.2250 0.2250   398.75 0.2500
  23.16   367.29 0.2250 0.2250   398.27 0.2500
  24.57   367.04 0.2250 0.2250   397.77 0.2500
  25.99   366.78 0.2250 0.2250   397.25 0.2500
  27.43   366.51 0.2250 0.2250   396.72 0.2500
  28.89   366.24 0.2250 0.2250   396.18 0.2500
  30.37   365.96 0.2250 0.2250   395.62 0.2500
  31.88   365.68 0.2250 0.2250   395.06 0.2500
  33.41   365.39 0.2250 0.2250   394.49 0.2500
  34.96   365.11 0.2250 0.2250   393.92 0.2500
  36.55   364.83 0.2250 0.2250   393.36 0.2500
  38.17   364.55 0.2250 0.2250   392.80 0.2500
  39.83   364.28 0.2250 0.2250   392.26 0.2500
  41.52   364.02 0.2250 0.2250   391.73 0.2500
  43.27   363.76 0.2250 0.2250   391.22 0.2500
  45.06   363.52 0.2250 0.2250   390.74 0.2500
  46.91   363.29 0.2250 0.2250   390.28 0.2500
  48.83   363.08 0.2250 0.2250   389.85 0.2500
  50.83   362.88 0.2250 0.2250   389.45 0.2500
  52.92   362.69 0.2250 0.2250   389.07 0.2500
  55.11   362.51 0.2250 0.2250   388.72 0.2500
  57.43   362.34 0.2250 0.2250   388.38 0.2500
  59.90   362.18 0.2250 0.2250   388.07 0.2500
  62.58   362.04 0.2250 0.2250   387.78 0.2500
  65.52   361.90 0.2250 0.2250   387.51 0.2500
  68.84   361.79 0.2250 0.2250   387.28 0.2500
  72.76   361.68 0.2250 0.2250   387.06 0.2500
  77.83   361.53 0.2250 0.2250   386.77 0.2500
  90.00   361.13 0.2250 0.2250   385.95 0.2500
