# Name of benchmark/experiment: FILLET Experiment 2 (cold start)
# Case number: 31
# Instellation (S_earth): 1.35
# XCO2 (ppm): 280.0
# Obliquity (degrees): 10.0
# Mode: seasonal
#
# Columns of data (annually averaged for last orbit)
# Lat Tsurf Asurf ATOA OLR Fland
 -90.00   291.27 0.2250 0.2250   246.23 0.2500
 -77.83   298.92 0.2250 0.2250   261.54 0.2500
 -72.76   303.79 0.2250 0.2250   271.28 0.2500
 -68.84   307.92 0.2250 0.2250   279.54 0.2500
 -65.52   311.63 0.2250 0.2250   286.97 0.2500
 -62.58   315.05 0.2250 0.2250   293.79 0.2500
 -59.90   318.23 0.2250 0.2250   300.15 0.2500
 -57.43   321.21 0.2250 0.2250   306.11 0.2500
 -55.11   324.01 0.2250 0.2250   311.73 0.2500
 -52.92   326.67 0.2250 0.2250   317.04 0.2500
 -50.83   329.19 0.2250 0.2250   322.08 0.2500
 -48.83   331.58 0.2250 0.2250   326.86 0.2500
 -46.91   333.85 0.2250 0.2250   331.41 0.2500
 -45.06   336.02 0.2250 0.2250   335.74 0.2500
 -43.27   338.08 0.2250 0.2250   339.86 0.2500
 -41.52   340.04 0.2250 0.2250   343.78 0.2500
 -39.83   341.91 0.2250 0.2250   347.53 0.2500
 -38.17   343.69 0.2250 0.2250   351.09 0.2500
 -36.55   345.39 0.2250 0.2250   354.48 0.2500
 -34.96   347.01 0.2250 0.2250   357.71 0.2500
 -33.41   348.54 0.2250 0.2250   360.78 0.2500
 -31.88   350.00 0.2250 0.2250   363.70 0.2500
 -30.37   351.39 0.2250 0.2250   366.47 0.2500
 -28.89   352.70 0.2250 0.2250   369.10 0.2500
 -27.43   353.94 0.2250 0.2250   371.59 0.2500
 -25.99   355.12 0.2250 0.2250   373.94 0.2500
 -24.57   356.23 0.2250 0.2250   376.15 0.2500
 -23.16   357.27 0.2250 0.2250   378.24 0.2500
 -21.76   358.25 0.2250 0.2250   380.20 0.2500
 -20.38   359.16 0.2250 0.2250   382.03 0.2500
 -19.02   360.02 0.2250 0.2250   383.74 0.2500
 -17.66   360.81 0.2250 0.2250   385.32 0.2500
 -16.31   361.54 0.2250 0.2250   386.79 0.2500
 -14.98   362.22 0.2250 0.2250   388.14 0.2500
 -13.65   362.83 0.2250 0.2250   389.37 0.2500
 -12.33   363.39 0.2250 0.2250   390.48 0.2500
 -11.01   363.89 0.2250 0.2250   391.49 0.2500
  -9.70   364.34 0.2250 0.2250   392.37 0.2500
  -8.40   364.72 0.2250 0.2250   393.15 0.2500
  -7.10   365.05 0.2250 0.2250   393.81 0.2500
  -5.80   365.33 0.2250 0.2250   394.36 0.2500
  -4.51   365.55 0.2250 0.2250   394.80 0.2500
  -3.22   365.72 0.2250 0.2250   395.13 0.2500
  -1.93   365.83 0.2250 0.2250   395.35 0.2500
  -0.64   365.88 0.2250 0.2250   395.46 0.2500
   0.64   365.88 0.2250 0.2250   395.46 0.2500
   1.93   365.83 0.2250 0.2250   395.35 0.2500
   3.22   365.72 0.2250 0.2250   395.13 0.2500
   4.51   365.55 0.2250 0.2250   394.80 0.2500
   5.80   365.33 0.2250 0.2250   394.36 0.2500
   7.10   365.05 0.2250 0.2250   393.81 0.2500
   8.40   364.72 0.2250 0.2250   393.15 0.2500
   9.70   364.34 0.2250 0.2250   392.37 0.2500
  11.01   363.89 0.2250 0.2250   391.49 0.2500
  12.33   363.39 0.2250 0.2250   390.48 0.2500
  13.65   362.83 0.2250 0.2250   389.37 0.2500
  14.98   362.22 0.2250 0.2250   388.14 0.2500
  16.31   361.54 0.2250 0.2250   386.79 0.2500
  17.66   360.81 0.2250 0.2250   385.32 0.2500
  19.02   360.02 0.2250 0.2250   383.74 0.2500
  20.38   359.16 0.2250 0.2250   382.03 0.2500
  21.76   358.25 0.2250 0.2250   380.20 0.2500
  23.16   357.27 0.2250 0.2250   378.24 0.2500
  24.57   356.23 0.2250 0.2250   376.15 0.2500
  25.99   355.12 0.2250 0.2250   373.94 0.2500
  27.43   353.94 0.2250 0.2250   371.59 0.2500
  28.89   352.70 0.2250 0.2250   369.10 0.2500
  30.37   351.39 0.2250 0.2250   366.47 0.2500
  31.88   350.00 0.2250 0.2250   363.70 0.2500
  33.41   348.54 0.2250 0.2250   360.78 0.2500
  34.96   347.01 0.2250 0.2250   357.71 0.2500
  36.55   345.39 0.2250 0.2250   354.48 0.2500
  38.17   343.69 0.2250 0.2250   351.09 0.2500
  39.83   341.91 0.2250 0.2250   347.53 0.2500
  41.52   340.04 0.2250 0.2250   343.78 0.2500
  43.27   338.08 0.2250 0.2250   339.86 0.2500
  45.06   336.02 0.2250 0.2250   335.74 0.2500
  46.91   333.85 0.2250 0.2250   331.41 0.2500
  48.83   331.58 0.2250 0.2250   326.86 0.2500
  50.83   329.19 0.2250 0.2250   322.08 0.2500
  52.92   326.67 0.2250 0.2250   317.04 0.2500
  55.11   324.01 0.2250 0.2250   311.73 0.2500
  57.43   321.21 0.2250 0.2250   306.11 0.2500
  59.90   318.23 0.2250 0.2250   300.15 0.2500
  62.58   315.05 0.2250 0.2250   293.79 0.2500
  65.52   311.63 0.2250 0.2250   286.97 0.2500
  68.84   307.92 0.2250 0.2250   279.54 0.2500
  72.76   303.79 0.2250 0.2250   271.28 0.2500
  77.83   298.92 0.2250 0.2250   261.54 0.2500
  90.00   291.27 0.2250 0.2250   246.23 0.2500
