# Name of benchmark/experiment: FILLET Experiment 2 (cold start)
# Case number: 75
# Instellation (S_earth): 1.5
# XCO2 (ppm): 280.0
# Obliquity (degrees): 30.0
# Mode: seasonal
#
# Columns of data (annually averaged for last orbit)
# Lat Tsurf Asurf ATOA OLR Fland
 -90.00   331.51 0.2250 0.2250   326.71 0.2500
 -77.83   335.15 0.2250 0.2250   334.01 0.2500
 -72.76   337.54 0.2250 0.2250   338.77 0.2500
 -68.84   339.69 0.2250 0.2250   343.07 0.2500
 -65.52   341.72 0.2250 0.2250   347.14 0.2500
 -62.58   343.69 0.2250 0.2250   351.09 0.2500
 -59.90   345.62 0.2250 0.2250   354.93 0.2500
 -57.43   347.50 0.2250 0.2250   358.69 0.2500
 -55.11   349.33 0.2250 0.2250   362.36 0.2500
 -52.92   351.11 0.2250 0.2250   365.92 0.2500
 -50.83   352.84 0.2250 0.2250   369.38 0.2500
 -48.83   354.52 0.2250 0.2250   372.74 0.2500
 -46.91   356.14 0.2250 0.2250   375.99 0.2500
 -45.06   357.71 0.2250 0.2250   379.12 0.2500
 -43.27   359.23 0.2250 0.2250   382.15 0.2500
 -41.52   360.68 0.2250 0.2250   385.07 0.2500
 -39.83   362.09 0.2250 0.2250   387.88 0.2500
 -38.17   363.44 0.2250 0.2250   390.58 0.2500
 -36.55   364.74 0.2250 0.2250   393.17 0.2500
 -34.96   365.98 0.2250 0.2250   395.66 0.2500
 -33.41   367.17 0.2250 0.2250   398.04 0.2500
 -31.88   368.31 0.2250 0.2250   400.31 0.2500
 -30.37   369.39 0.2250 0.2250   402.49 0.2500
 -28.89   370.43 0.2250 0.2250   404.56 0.2500
 -27.43   371.41 0.2250 0.2250   406.53 0.2500
 -25.99   372.35 0.2250 0.2250   408.39 0.2500
 -24.57   373.23 0.2250 0.2250   410.16 0.2500
 -23.16   374.07 0.2250 0.2250   411.83 0.2500
 -21.76   374.85 0.2250 0.2250   413.41 0.2500
 -20.38   375.59 0.2250 0.2250   414.88 0.2500
 -19.02   376.28 0.2250 0.2250   416.26 0.2500
 -17.66   376.92 0.2250 0.2250   417.55 0.2500
 -16.31   377.52 0.2250 0.2250   418.74 0.2500
 -14.98   378.07 0.2250 0.2250   419.83 0.2500
 -13.65   378.57 0.2250 0.2250   420.84 0.2500
 -12.33   379.02 0.2250 0.2250   421.75 0.2500
 -11.01   379.43 0.2250 0.2250   422.56 0.2500
  -9.70   379.79 0.2250 0.2250   423.29 0.2500
  -8.40   380.11 0.2250 0.2250   423.92 0.2500
  -7.10   380.38 0.2250 0.2250   424.47 0.2500
  -5.80   380.61 0.2250 0.2250   424.92 0.2500
  -4.51   380.79 0.2250 0.2250   425.28 0.2500
  -3.22   380.92 0.2250 0.2250   425.55 0.2500
  -1.93   381.02 0.2250 0.2250   425.73 0.2500
  -0.64   381.06 0.2250 0.2250   425.82 0.2500
   0.64   381.06 0.2250 0.2250   425.82 0.2500
   1.93   381.02 0.2250 0.2250   425.73 0.2500
   3.22   380.92 0.2250 0.2250   425.55 0.2500
   4.51   380.79 0.2250 0.2250   425.28 0.2500
   5.80   380.61 0.2250 0.2250   424.92 0.2500
   7.10   380.38 0.2250 0.2250   424.47 0.2500
   8.40   380.11 0.2250 0.2250   423.92 0.2500
   9.70   379.79 0.2250 0.2250   423.29 0.2500
  11.01   379.43 0.2250 0.2250   422.56 0.2500
  12.33   379.02 0.2250 0.2250   421.75 0.2500
  13.65   378.57 0.2250 0.2250   420.84 0.2500
  14.98   378.07 0.2250 0.2250   419.83 0.2500
  16.31   377.52 0.2250 0.2250   418.74 0.2500
  17.66   376.92 0.2250 0.2250   417.55 0.2500
  19.02   376.28 0.2250 0.2250   416.26 0.2500
  20.38   375.59 0.2250 0.2250   414.88 0.2500
  21.76   374.85 0.2250 0.2250   413.41 0.2500
  23.16   374.07 0.2250 0.2250   411.83 0.2500
  24.57   373.23 0.2250 0.2250   410.16 0.2500
  25.99   372.35 0.2250 0.2250   408.39 0.2500
  27.43   371.41 0.2250 0.2250   406.53 0.2500
  28.89   370.43 0.2250 0.2250   404.56 0.2500
  30.37   369.39 0.2250 0.2250   402.49 0.2500
  31.88   368.31 0.2250 0.2250   400.31 0.2500
  33.41   367.17 0.2250 0.2250   398.04 0.2500
  34.96   365.98 0.2250 0.2250   395.66 0.2500
  36.55   364.74 0.2250 0.2250   393.17 0.2500
  38.17   363.44 0.2250 0.2250   390.58 0.2500
  39.83   362.09 0.2250 0.2250   387.88 0.2500
  41.52   360.68 0.2250 0.2250   385.07 0.2500
  43.27   359.23 0.2250 0.2250   382.15 0.2500
  45.06   357.71 0.2250 0.2250   379.12 0.2500
  46.91   356.14 0.2250 0.2250   375.99 0.2500
  48.83   354.52 0.2250 0.2250   372.74 0.2500
  50.83   352.84 0.2250 0.2250   369.38 0.2500
  52.92   351.11 0.2250 0.2250   365.92 0.2500
  55.11   349.33 0.2250 0.2250   362.36 0.2500
  57.43   347.50 0.2250 0.2250   358.69 0.2500
  59.90   345.62 0.2250 0.2250   354.93 0.2500
  62.58   343.69 0.2250 0.2250   351.09 0.2500
  65.52   341.72 0.2250 0.2250   347.14 0.2500
  68.84   339.69 0.2250 0.2250   343.07 0.2500
  72.76   337.54 0.2250 0.2250   338.77 0.2500
  77.83   335.15 0.2250 0.2250   334.01 0.2500
  90.00   331.51 0.2250 0.2250   326.71 0.2500
