# Name of benchmark/experiment: FILLET Experiment 2 (cold start)
# Case number: 51
# Instellation (S_earth): 1.375
# XCO2 (ppm): 280.0
# Obliquity (degrees): 20.0
# Mode: seasonal
#
# Columns of data (annually averaged for last orbit)
# Lat Tsurf Asurf ATOA OLR Fland
 -90.00   304.54 0.2250 0.2250   272.79 0.2500
 -77.83   309.90 0.2250 0.2250   283.50 0.2500
 -72.76   313.44 0.2250 0.2250   290.59 0.2500
 -68.84   316.59 0.2250 0.2250   296.88 0.2500
 -65.52   319.52 0.2250 0.2250   302.74 0.2500
 -62.58   322.29 0.2250 0.2250   308.28 0.2500
 -59.90   324.92 0.2250 0.2250   313.53 0.2500
 -57.43   327.42 0.2250 0.2250   318.53 0.2500
 -55.11   329.80 0.2250 0.2250   323.30 0.2500
 -52.92   332.08 0.2250 0.2250   327.86 0.2500
 -50.83   334.26 0.2250 0.2250   332.21 0.2500
 -48.83   336.34 0.2250 0.2250   336.37 0.2500
 -46.91   338.33 0.2250 0.2250   340.35 0.2500
 -45.06   340.23 0.2250 0.2250   344.16 0.2500
 -43.27   342.05 0.2250 0.2250   347.80 0.2500
 -41.52   343.79 0.2250 0.2250   351.28 0.2500
 -39.83   345.46 0.2250 0.2250   354.61 0.2500
 -38.17   347.05 0.2250 0.2250   357.79 0.2500
 -36.55   348.56 0.2250 0.2250   360.83 0.2500
 -34.96   350.01 0.2250 0.2250   363.72 0.2500
 -33.41   351.39 0.2250 0.2250   366.49 0.2500
 -31.88   352.71 0.2250 0.2250   369.12 0.2500
 -30.37   353.96 0.2250 0.2250   371.62 0.2500
 -28.89   355.15 0.2250 0.2250   373.99 0.2500
 -27.43   356.27 0.2250 0.2250   376.24 0.2500
 -25.99   357.34 0.2250 0.2250   378.37 0.2500
 -24.57   358.34 0.2250 0.2250   380.39 0.2500
 -23.16   359.29 0.2250 0.2250   382.28 0.2500
 -21.76   360.18 0.2250 0.2250   384.06 0.2500
 -20.38   361.02 0.2250 0.2250   385.73 0.2500
 -19.02   361.79 0.2250 0.2250   387.29 0.2500
 -17.66   362.52 0.2250 0.2250   388.74 0.2500
 -16.31   363.19 0.2250 0.2250   390.07 0.2500
 -14.98   363.80 0.2250 0.2250   391.31 0.2500
 -13.65   364.37 0.2250 0.2250   392.43 0.2500
 -12.33   364.88 0.2250 0.2250   393.45 0.2500
 -11.01   365.33 0.2250 0.2250   394.37 0.2500
  -9.70   365.74 0.2250 0.2250   395.18 0.2500
  -8.40   366.09 0.2250 0.2250   395.89 0.2500
  -7.10   366.40 0.2250 0.2250   396.50 0.2500
  -5.80   366.65 0.2250 0.2250   397.00 0.2500
  -4.51   366.85 0.2250 0.2250   397.40 0.2500
  -3.22   367.00 0.2250 0.2250   397.71 0.2500
  -1.93   367.10 0.2250 0.2250   397.91 0.2500
  -0.64   367.15 0.2250 0.2250   398.01 0.2500
   0.64   367.15 0.2250 0.2250   398.01 0.2500
   1.93   367.10 0.2250 0.2250   397.91 0.2500
   3.22   367.00 0.2250 0.2250   397.71 0.2500
   4.51   366.85 0.2250 0.2250   397.40 0.2500
   5.80   366.65 0.2250 0.2250   397.00 0.2500
   7.10   366.40 0.2250 0.2250   396.50 0.2500
   8.40   366.09 0.2250 0.2250   395.89 0.2500
   9.70   365.74 0.2250 0.2250   395.18 0.2500
  11.01   365.33 0.2250 0.2250   394.37 0.2500
  12.33   364.88 0.2250 0.2250   393.45 0.2500
  13.65   364.37 0.2250 0.2250   392.43 0.2500
  14.98   363.80 0.2250 0.2250   391.31 0.2500
  16.31   363.19 0.2250 0.2250   390.07 0.2500
  17.66   362.52 0.2250 0.2250   388.74 0.2500
  19.02   361.79 0.2250 0.2250   387.29 0.2500
  20.38   361.02 0.2250 0.2250   385.73 0.2500
  21.76   360.18 0.2250 0.2250   384.06 0.2500
  23.16   359.29 0.2250 0.2250   382.28 0.2500
  24.57   358.34 0.2250 0.2250   380.39 0.2500
  25.99   357.34 0.2250 0.2250   378.37 0.2500
  27.43   356.27 0.2250 0.2250   376.24 0.2500
  28.89   355.15 0.2250 0.2250   373.99 0.2500
  30.37   353.96 0.2250 0.2250   371.62 0.2500
  31.88   352.71 0.2250 0.2250   369.12 0.2500
  33.41   351.39 0.2250 0.2250   366.49 0.2500
  34.96   350.01 0.2250 0.2250   363.72 0.2500
  36.55   348.56 0.2250 0.2250   360.83 0.2500
  38.17   347.05 0.2250 0.2250   357.79 0.2500
  39.83   345.46 0.2250 0.2250   354.61 0.2500
  41.52   343.79 0.2250 0.2250   351.28 0.2500
  43.27   342.05 0.2250 0.2250   347.80 0.2500
  45.06   340.23 0.2250 0.2250   344.16 0.2500
  46.91   338.33 0.2250 0.2250   340.35 0.2500
  48.83   336.34 0.2250 0.2250   336.37 0.2500
  50.83   334.26 0.2250 0.2250   332.21 0.2500
  52.92   332.08 0.2250 0.2250   327.86 0.2500
  55.11   329.80 0.2250 0.2250   323.30 0.2500
  57.43   327.42 0.2250 0.2250   318.53 0.2500
  59.90   324.92 0.2250 0.2250   313.53 0.2500
  62.58   322.29 0.2250 0.2250   308.28 0.2500
  65.52   319.52 0.2250 0.2250   302.74 0.2500
  68.84   316.59 0.2250 0.2250   296.88 0.2500
  72.76   313.44 0.2250 0.2250   290.59 0.2500
  77.83   309.90 0.2250 0.2250   283.50 0.2500
  90.00   304.54 0.2250 0.2250   272.79 0.2500
