# Name of benchmark/experiment: FILLET Experiment 3 (instellation bifurcation)
# Case number: 35
# Branch: cooling
# Instellation (S_earth): 1.0625
# XCO2 (ppm): 280.0
# Obliquity (degrees): 23.5
# Mode: seasonal
#
# Columns of data (annually averaged for last orbit)
# Lat Tsurf Asurf ATOA OLR Fland
 -90.00   277.01 0.2250 0.2250   217.72 0.2500
 -77.83   280.57 0.2250 0.2250   224.84 0.2500
 -72.76   282.93 0.2250 0.2250   229.56 0.2500
 -68.84   285.03 0.2250 0.2250   233.76 0.2500
 -65.52   287.01 0.2250 0.2250   237.72 0.2500
 -62.58   288.90 0.2250 0.2250   241.51 0.2500
 -59.90   290.72 0.2250 0.2250   245.13 0.2500
 -57.43   292.46 0.2250 0.2250   248.61 0.2500
 -55.11   294.13 0.2250 0.2250   251.95 0.2500
 -52.92   295.73 0.2250 0.2250   255.16 0.2500
 -50.83   297.27 0.2250 0.2250   258.24 0.2500
 -48.83   298.74 0.2250 0.2250   261.19 0.2500
 -46.91   300.16 0.2250 0.2250   264.02 0.2500
 -45.06   301.52 0.2250 0.2250   266.74 0.2500
 -43.27   302.82 0.2250 0.2250   269.34 0.2500
 -41.52   304.07 0.2250 0.2250   271.84 0.2500
 -39.83   305.27 0.2250 0.2250   274.23 0.2500
 -38.17   306.41 0.2250 0.2250   276.52 0.2500
 -36.55   307.50 0.2250 0.2250   278.71 0.2500
 -34.96   308.55 0.2250 0.2250   280.80 0.2500
 -33.41   309.55 0.2250 0.2250   282.79 0.2500
 -31.88   310.50 0.2250 0.2250   284.70 0.2500
 -30.37   311.40 0.2250 0.2250   286.51 0.2500
 -28.89   312.26 0.2250 0.2250   288.23 0.2500
 -27.43   313.08 0.2250 0.2250   289.86 0.2500
 -25.99   313.85 0.2250 0.2250   291.41 0.2500
 -24.57   314.58 0.2250 0.2250   292.87 0.2500
 -23.16   315.27 0.2250 0.2250   294.25 0.2500
 -21.76   315.92 0.2250 0.2250   295.54 0.2500
 -20.38   316.53 0.2250 0.2250   296.76 0.2500
 -19.02   317.10 0.2250 0.2250   297.89 0.2500
 -17.66   317.62 0.2250 0.2250   298.94 0.2500
 -16.31   318.11 0.2250 0.2250   299.92 0.2500
 -14.98   318.56 0.2250 0.2250   300.82 0.2500
 -13.65   318.97 0.2250 0.2250   301.64 0.2500
 -12.33   319.34 0.2250 0.2250   302.38 0.2500
 -11.01   319.68 0.2250 0.2250   303.05 0.2500
  -9.70   319.97 0.2250 0.2250   303.64 0.2500
  -8.40   320.23 0.2250 0.2250   304.16 0.2500
  -7.10   320.45 0.2250 0.2250   304.60 0.2500
  -5.80   320.64 0.2250 0.2250   304.97 0.2500
  -4.51   320.78 0.2250 0.2250   305.27 0.2500
  -3.22   320.89 0.2250 0.2250   305.49 0.2500
  -1.93   320.97 0.2250 0.2250   305.63 0.2500
  -0.64   321.00 0.2250 0.2250   305.71 0.2500
   0.64   321.00 0.2250 0.2250   305.71 0.2500
   1.93   320.97 0.2250 0.2250   305.63 0.2500
   3.22   320.89 0.2250 0.2250   305.49 0.2500
   4.51   320.78 0.2250 0.2250   305.27 0.2500
   5.80   320.64 0.2250 0.2250   304.97 0.2500
   7.10   320.45 0.2250 0.2250   304.60 0.2500
   8.40   320.23 0.2250 0.2250   304.16 0.2500
   9.70   319.97 0.2250 0.2250   303.64 0.2500
  11.01   319.68 0.2250 0.2250   303.05 0.2500
  12.33   319.34 0.2250 0.2250   302.38 0.2500
  13.65   318.97 0.2250 0.2250   301.64 0.2500
  14.98   318.56 0.2250 0.2250   300.82 0.2500
  16.31   318.11 0.2250 0.2250   299.92 0.2500
  17.66   317.62 0.2250 0.2250   298.94 0.2500
  19.02   317.10 0.2250 0.2250   297.89 0.2500
  20.38   316.53 0.2250 0.2250   296.76 0.2500
  21.76   315.92 0.2250 0.2250   295.54 0.2500
  23.16   315.27 0.2250 0.2250   294.25 0.2500
  24.57   314.58 0.2250 0.2250   292.87 0.2500
  25.99   313.85 0.2250 0.2250   291.41 0.2500
  27.43   313.08 0.2250 0.2250   289.86 0.2500
  28.89   312.26 0.2250 0.2250   288.23 0.2500
  30.37   311.40 0.2250 0.2250   286.51 0.2500
  31.88   310.50 0.2250 0.2250   284.70 0.2500
  33.41   309.55 0.2250 0.2250   282.79 0.2500
  34.96   308.55 0.2250 0.2250   280.80 0.2500
  36.55   307.50 0.2250 0.2250   278.71 0.2500
  38.17   306.41 0.2250 0.2250   276.52 0.2500
  39.83   305.27 0.2250 0.2250   274.23 0.2500
  41.52   304.07 0.2250 0.2250   271.84 0.2500
  43.27   302.82 0.2250 0.2250   269.34 0.2500
  45.06   301.52 0.2250 0.2250   266.74 0.2500
  46.91   300.16 0.2250 0.2250   264.02 0.2500
  48.83   298.74 0.2250 0.2250   261.19 0.2500
  50.83   297.27 0.2250 0.2250   258.24 0.2500
  52.92   295.73 0.2250 0.2250   255.16 0.2500
  55.11   294.13 0.2250 0.2250   251.95 0.2500
  57.43   292.46 0.2250 0.2250   248.61 0.2500
  59.90   290.72 0.2250 0.2250   245.13 0.2500
  62.58   288.90 0.2250 0.2250   241.51 0.2500
  65.52   287.01 0.2250 0.2250   237.72 0.2500
  68.84   285.03 0.2250 0.2250   233.76 0.2500
  72.76   282.93 0.2250 0.2250   229.56 0.2500
  77.83   280.57 0.2250 0.2250   224.84 0.2500
  90.00   277.01 0.2250 0.2250   217.72 0.2500
