# Name of benchmark/experiment: FILLET Experiment 3 (instellation bifurcation)
# Case number: 112
# Branch: warming
# Instellation (S_earth): 1.4875
# XCO2 (ppm): 280.0
# Obliquity (degrees): 23.5
# Mode: seasonal
#
# Columns of data (annually averaged for last orbit)
# Lat Tsurf Asurf ATOA OLR Fland
 -90.00   320.55 0.2250 0.2250   304.80 0.2500
 -77.83   325.53 0.2250 0.2250   314.77 0.2500
 -72.76   328.84 0.2250 0.2250   321.38 0.2500
 -68.84   331.78 0.2250 0.2250   327.26 0.2500
 -65.52   334.55 0.2250 0.2250   332.81 0.2500
 -62.58   337.20 0.2250 0.2250   338.11 0.2500
 -59.90   339.74 0.2250 0.2250   343.19 0.2500
 -57.43   342.18 0.2250 0.2250   348.06 0.2500
 -55.11   344.52 0.2250 0.2250   352.73 0.2500
 -52.92   346.76 0.2250 0.2250   357.22 0.2500
 -50.83   348.91 0.2250 0.2250   361.53 0.2500
 -48.83   350.98 0.2250 0.2250   365.66 0.2500
 -46.91   352.96 0.2250 0.2250   369.63 0.2500
 -45.06   354.87 0.2250 0.2250   373.43 0.2500
 -43.27   356.69 0.2250 0.2250   377.08 0.2500
 -41.52   358.44 0.2250 0.2250   380.58 0.2500
 -39.83   360.11 0.2250 0.2250   383.92 0.2500
 -38.17   361.71 0.2250 0.2250   387.13 0.2500
 -36.55   363.25 0.2250 0.2250   390.19 0.2500
 -34.96   364.71 0.2250 0.2250   393.12 0.2500
 -33.41   366.11 0.2250 0.2250   395.91 0.2500
 -31.88   367.44 0.2250 0.2250   398.57 0.2500
 -30.37   368.70 0.2250 0.2250   401.11 0.2500
 -28.89   369.91 0.2250 0.2250   403.52 0.2500
 -27.43   371.05 0.2250 0.2250   405.80 0.2500
 -25.99   372.13 0.2250 0.2250   407.97 0.2500
 -24.57   373.16 0.2250 0.2250   410.02 0.2500
 -23.16   374.12 0.2250 0.2250   411.94 0.2500
 -21.76   375.03 0.2250 0.2250   413.76 0.2500
 -20.38   375.88 0.2250 0.2250   415.46 0.2500
 -19.02   376.67 0.2250 0.2250   417.05 0.2500
 -17.66   377.41 0.2250 0.2250   418.52 0.2500
 -16.31   378.09 0.2250 0.2250   419.89 0.2500
 -14.98   378.72 0.2250 0.2250   421.14 0.2500
 -13.65   379.30 0.2250 0.2250   422.29 0.2500
 -12.33   379.82 0.2250 0.2250   423.33 0.2500
 -11.01   380.28 0.2250 0.2250   424.27 0.2500
  -9.70   380.70 0.2250 0.2250   425.10 0.2500
  -8.40   381.06 0.2250 0.2250   425.82 0.2500
  -7.10   381.37 0.2250 0.2250   426.44 0.2500
  -5.80   381.63 0.2250 0.2250   426.96 0.2500
  -4.51   381.84 0.2250 0.2250   427.37 0.2500
  -3.22   381.99 0.2250 0.2250   427.68 0.2500
  -1.93   382.09 0.2250 0.2250   427.89 0.2500
  -0.64   382.14 0.2250 0.2250   427.99 0.2500
   0.64   382.14 0.2250 0.2250   427.99 0.2500
   1.93   382.09 0.2250 0.2250   427.89 0.2500
   3.22   381.99 0.2250 0.2250   427.68 0.2500
   4.51   381.84 0.2250 0.2250   427.37 0.2500
   5.80   381.63 0.2250 0.2250   426.96 0.2500
   7.10   381.37 0.2250 0.2250   426.44 0.2500
   8.40   381.06 0.2250 0.2250   425.82 0.2500
   9.70   380.70 0.2250 0.2250   425.10 0.2500
  11.01   380.28 0.2250 0.2250   424.27 0.2500
  12.33   379.82 0.2250 0.2250   423.33 0.2500
  13.65   379.30 0.2250 0.2250   422.29 0.2500
  14.98   378.72 0.2250 0.2250   421.14 0.2500
  16.31   378.09 0.2250 0.2250   419.89 0.2500
  17.66   377.41 0.2250 0.2250   418.52 0.2500
  19.02   376.67 0.2250 0.2250   417.05 0.2500
  20.38   375.88 0.2250 0.2250   415.46 0.2500
  21.76   375.03 0.2250 0.2250   413.76 0.2500
  23.16   374.12 0.2250 0.2250   411.94 0.2500
  24.57   373.16 0.2250 0.2250   410.02 0.2500
  25.99   372.13 0.2250 0.2250   407.97 0.2500
  27.43   371.05 0.2250 0.2250   405.80 0.2500
  28.89   369.91 0.2250 0.2250   403.52 0.2500
  30.37   368.70 0.2250 0.2250   401.11 0.2500
  31.88   367.44 0.2250 0.2250   398.57 0.2500
  33.41   366.11 0.2250 0.2250   395.91 0.2500
  34.96   364.71 0.2250 0.2250   393.12 0.2500
  36.55   363.25 0.2250 0.2250   390.19 0.2500
  38.17   361.71 0.2250 0.2250   387.13 0.2500
  39.83   360.11 0.2250 0.2250   383.92 0.2500
  41.52   358.44 0.2250 0.2250   380.58 0.2500
  43.27   356.69 0.2250 0.2250   377.08 0.2500
  45.06   354.87 0.2250 0.2250   373.43 0.2500
  46.91   352.96 0.2250 0.2250   369.63 0.2500
  48.83   350.98 0.2250 0.2250   365.66 0.2500
  50.83   348.91 0.2250 0.2250   361.53 0.2500
  52.92   346.76 0.2250 0.2250   357.22 0.2500
  55.11   344.52 0.2250 0.2250   352.73 0.2500
  57.43   342.18 0.2250 0.2250   348.06 0.2500
  59.90   339.74 0.2250 0.2250   343.19 0.2500
  62.58   337.20 0.2250 0.2250   338.11 0.2500
  65.52   334.55 0.2250 0.2250   332.81 0.2500
  68.84   331.78 0.2250 0.2250   327.26 0.2500
  72.76   328.84 0.2250 0.2250   321.38 0.2500
  77.83   325.53 0.2250 0.2250   314.77 0.2500
  90.00   320.55 0.2250 0.2250   304.80 0.2500
