# Name of benchmark/experiment: FILLET Experiment 1a (warm start, au)
# Case number: 20
# Instellation (S_earth): 1.269589
# XCO2 (ppm): 280.0
# Obliquity (degrees): 10.0
# Mode: seasonal
#
# Columns of data (annually averaged for last orbit)
# Lat Tsurf Asurf ATOA OLR Fland
 -90.00   283.93 0.2250 0.2250   231.57 0.2500
 -77.83   291.13 0.2250 0.2250   245.96 0.2500
 -72.76   295.71 0.2250 0.2250   255.12 0.2500
 -68.84   299.60 0.2250 0.2250   262.89 0.2500
 -65.52   303.09 0.2250 0.2250   269.87 0.2500
 -62.58   306.30 0.2250 0.2250   276.30 0.2500
 -59.90   309.29 0.2250 0.2250   282.27 0.2500
 -57.43   312.09 0.2250 0.2250   287.88 0.2500
 -55.11   314.73 0.2250 0.2250   293.16 0.2500
 -52.92   317.23 0.2250 0.2250   298.16 0.2500
 -50.83   319.60 0.2250 0.2250   302.89 0.2500
 -48.83   321.85 0.2250 0.2250   307.39 0.2500
 -46.91   323.98 0.2250 0.2250   311.67 0.2500
 -45.06   326.02 0.2250 0.2250   315.74 0.2500
 -43.27   327.96 0.2250 0.2250   319.61 0.2500
 -41.52   329.80 0.2250 0.2250   323.31 0.2500
 -39.83   331.56 0.2250 0.2250   326.83 0.2500
 -38.17   333.24 0.2250 0.2250   330.18 0.2500
 -36.55   334.83 0.2250 0.2250   333.37 0.2500
 -34.96   336.35 0.2250 0.2250   336.40 0.2500
 -33.41   337.80 0.2250 0.2250   339.29 0.2500
 -31.88   339.17 0.2250 0.2250   342.04 0.2500
 -30.37   340.47 0.2250 0.2250   344.64 0.2500
 -28.89   341.71 0.2250 0.2250   347.11 0.2500
 -27.43   342.88 0.2250 0.2250   349.45 0.2500
 -25.99   343.98 0.2250 0.2250   351.66 0.2500
 -24.57   345.02 0.2250 0.2250   353.75 0.2500
 -23.16   346.00 0.2250 0.2250   355.71 0.2500
 -21.76   346.93 0.2250 0.2250   357.55 0.2500
 -20.38   347.79 0.2250 0.2250   359.27 0.2500
 -19.02   348.59 0.2250 0.2250   360.88 0.2500
 -17.66   349.34 0.2250 0.2250   362.37 0.2500
 -16.31   350.03 0.2250 0.2250   363.75 0.2500
 -14.98   350.66 0.2250 0.2250   365.02 0.2500
 -13.65   351.24 0.2250 0.2250   366.18 0.2500
 -12.33   351.76 0.2250 0.2250   367.23 0.2500
 -11.01   352.23 0.2250 0.2250   368.17 0.2500
  -9.70   352.65 0.2250 0.2250   369.00 0.2500
  -8.40   353.01 0.2250 0.2250   369.73 0.2500
  -7.10   353.33 0.2250 0.2250   370.35 0.2500
  -5.80   353.59 0.2250 0.2250   370.87 0.2500
  -4.51   353.79 0.2250 0.2250   371.29 0.2500
  -3.22   353.95 0.2250 0.2250   371.60 0.2500
  -1.93   354.05 0.2250 0.2250   371.80 0.2500
  -0.64   354.10 0.2250 0.2250   371.91 0.2500
   0.64   354.10 0.2250 0.2250   371.91 0.2500
   1.93   354.05 0.2250 0.2250   371.80 0.2500
   3.22   353.95 0.2250 0.2250   371.60 0.2500
   4.51   353.79 0.2250 0.2250   371.29 0.2500
   5.80   353.59 0.2250 0.2250   370.87 0.2500
   7.10   353.33 0.2250 0.2250   370.35 0.2500
   8.40   353.01 0.2250 0.2250   369.73 0.2500
   9.70   352.65 0.2250 0.2250   369.00 0.2500
  11.01   352.23 0.2250 0.2250   368.17 0.2500
  12.33   351.76 0.2250 0.2250   367.23 0.2500
  13.65   351.24 0.2250 0.2250   366.18 0.2500
  14.98   350.66 0.2250 0.2250   365.02 0.2500
  16.31   350.03 0.2250 0.2250   363.75 0.2500
  17.66   349.34 0.2250 0.2250   362.37 0.2500
  19.02   348.59 0.2250 0.2250   360.88 0.2500
  20.38   347.79 0.2250 0.2250   359.27 0.2500
  21.76   346.93 0.2250 0.2250   357.55 0.2500
  23.16   346.00 0.2250 0.2250   355.71 0.2500
  24.57   345.02 0.2250 0.2250   353.75 0.2500
  25.99   343.98 0.2250 0.2250   351.66 0.2500
  27.43   342.88 0.2250 0.2250   349.45 0.2500
  28.89   341.71 0.2250 0.2250   347.11 0.2500
  30.37   340.47 0.2250 0.2250   344.64 0.2500
  31.88   339.17 0.2250 0.2250   342.04 0.2500
  33.41   337.80 0.2250 0.2250   339.29 0.2500
  34.96   336.35 0.2250 0.2250   336.40 0.2500
  36.55   334.83 0.2250 0.2250   333.37 0.2500
  38.17   333.24 0.2250 0.2250   330.18 0.2500
  39.83   331.56 0.2250 0.2250   326.83 0.2500
  41.52   329.80 0.2250 0.2250   323.31 0.2500
  43.27   327.96 0.2250 0.2250   319.61 0.2500
  45.06   326.02 0.2250 0.2250   315.74 0.2500
  46.91   323.98 0.2250 0.2250   311.67 0.2500
  48.83   321.85 0.2250 0.2250   307.39 0.2500
  50.83   319.60 0.2250 0.2250   302.89 0.2500
  52.92   317.23 0.2250 0.2250   298.16 0.2500
  55.11   314.73 0.2250 0.2250   293.16 0.2500
  57.43   312.09 0.2250 0.2250   287.88 0.2500
  59.90   309.29 0.2250 0.2250   282.27 0.2500
  62.58   306.30 0.2250 0.2250   276.30 0.2500
  65.52   303.09 0.2250 0.2250   269.87 0.2500
  68.84   299.60 0.2250 0.2250   262.89 0.2500
  72.76   295.71 0.2250 0.2250   255.12 0.2500
  77.83   291.13 0.2250 0.2250   245.96 0.2500
  90.00   283.93 0.2250 0.2250   231.57 0.2500
