# Name of benchmark/experiment: FILLET Experiment 1a (warm start, au)
# Case number: 44
# Instellation (S_earth): 1.108033
# XCO2 (ppm): 280.0
# Obliquity (degrees): 20.0
# Mode: seasonal
#
# Columns of data (annually averaged for last orbit)
# Lat Tsurf Asurf ATOA OLR Fland
 -90.00   278.06 0.2250 0.2250   219.83 0.2500
 -77.83   282.38 0.2250 0.2250   228.46 0.2500
 -72.76   285.23 0.2250 0.2250   234.17 0.2500
 -68.84   287.77 0.2250 0.2250   239.24 0.2500
 -65.52   290.13 0.2250 0.2250   243.96 0.2500
 -62.58   292.36 0.2250 0.2250   248.42 0.2500
 -59.90   294.48 0.2250 0.2250   252.66 0.2500
 -57.43   296.49 0.2250 0.2250   256.69 0.2500
 -55.11   298.42 0.2250 0.2250   260.53 0.2500
 -52.92   300.25 0.2250 0.2250   264.20 0.2500
 -50.83   302.00 0.2250 0.2250   267.71 0.2500
 -48.83   303.68 0.2250 0.2250   271.06 0.2500
 -46.91   305.29 0.2250 0.2250   274.27 0.2500
 -45.06   306.82 0.2250 0.2250   277.34 0.2500
 -43.27   308.29 0.2250 0.2250   280.27 0.2500
 -41.52   309.69 0.2250 0.2250   283.08 0.2500
 -39.83   311.03 0.2250 0.2250   285.76 0.2500
 -38.17   312.31 0.2250 0.2250   288.32 0.2500
 -36.55   313.54 0.2250 0.2250   290.77 0.2500
 -34.96   314.70 0.2250 0.2250   293.10 0.2500
 -33.41   315.82 0.2250 0.2250   295.33 0.2500
 -31.88   316.87 0.2250 0.2250   297.45 0.2500
 -30.37   317.88 0.2250 0.2250   299.46 0.2500
 -28.89   318.84 0.2250 0.2250   301.38 0.2500
 -27.43   319.75 0.2250 0.2250   303.19 0.2500
 -25.99   320.60 0.2250 0.2250   304.91 0.2500
 -24.57   321.42 0.2250 0.2250   306.53 0.2500
 -23.16   322.18 0.2250 0.2250   308.06 0.2500
 -21.76   322.90 0.2250 0.2250   309.49 0.2500
 -20.38   323.57 0.2250 0.2250   310.84 0.2500
 -19.02   324.20 0.2250 0.2250   312.09 0.2500
 -17.66   324.78 0.2250 0.2250   313.26 0.2500
 -16.31   325.32 0.2250 0.2250   314.34 0.2500
 -14.98   325.82 0.2250 0.2250   315.33 0.2500
 -13.65   326.27 0.2250 0.2250   316.24 0.2500
 -12.33   326.68 0.2250 0.2250   317.06 0.2500
 -11.01   327.05 0.2250 0.2250   317.80 0.2500
  -9.70   327.38 0.2250 0.2250   318.45 0.2500
  -8.40   327.66 0.2250 0.2250   319.02 0.2500
  -7.10   327.91 0.2250 0.2250   319.51 0.2500
  -5.80   328.11 0.2250 0.2250   319.92 0.2500
  -4.51   328.27 0.2250 0.2250   320.24 0.2500
  -3.22   328.39 0.2250 0.2250   320.49 0.2500
  -1.93   328.48 0.2250 0.2250   320.65 0.2500
  -0.64   328.52 0.2250 0.2250   320.73 0.2500
   0.64   328.52 0.2250 0.2250   320.73 0.2500
   1.93   328.48 0.2250 0.2250   320.65 0.2500
   3.22   328.39 0.2250 0.2250   320.49 0.2500
   4.51   328.27 0.2250 0.2250   320.24 0.2500
   5.80   328.11 0.2250 0.2250   319.92 0.2500
   7.10   327.91 0.2250 0.2250   319.51 0.2500
   8.40   327.66 0.2250 0.2250   319.02 0.2500
   9.70   327.38 0.2250 0.2250   318.45 0.2500
  11.01   327.05 0.2250 0.2250   317.80 0.2500
  12.33   326.68 0.2250 0.2250   317.06 0.2500
  13.65   326.27 0.2250 0.2250   316.24 0.2500
  14.98   325.82 0.2250 0.2250   315.33 0.2500
  16.31   325.32 0.2250 0.2250   314.34 0.2500
  17.66   324.78 0.2250 0.2250   313.26 0.2500
  19.02   324.20 0.2250 0.2250   312.09 0.2500
  20.38   323.57 0.2250 0.2250   310.84 0.2500
  21.76   322.90 0.2250 0.2250   309.49 0.2500
  23.16   322.18 0.2250 0.2250   308.06 0.2500
  24.57   321.42 0.2250 0.2250   306.53 0.2500
  25.99   320.60 0.2250 0.2250   304.91 0.2500
  27.43   319.75 0.2250 0.2250   303.19 0.2500
  28.89   318.84 0.2250 0.2250   301.38 0.2500
  30.37   317.88 0.2250 0.2250   299.46 0.2500
  31.88   316.87 0.2250 0.2250   297.45 0.2500
  33.41   315.82 0.2250 0.2250   295.33 0.2500
  34.96   314.70 0.2250 0.2250   293.10 0.2500
  36.55   313.54 0.2250 0.2250   290.77 0.2500
  38.17   312.31 0.2250 0.2250   288.32 0.2500
  39.83   311.03 0.2250 0.2250   285.76 0.2500
  41.52   309.69 0.2250 0.2250   283.08 0.2500
  43.27   308.29 0.2250 0.2250   280.27 0.2500
  45.06   306.82 0.2250 0.2250   277.34 0.2500
  46.91   305.29 0.2250 0.2250   274.27 0.2500
  48.83   303.68 0.2250 0.2250   271.06 0.2500
  50.83   302.00 0.2250 0.2250   267.71 0.2500
  52.92   300.25 0.2250 0.2250   264.20 0.2500
  55.11   298.42 0.2250 0.2250   260.53 0.2500
  57.43   296.49 0.2250 0.2250   256.69 0.2500
  59.90   294.48 0.2250 0.2250   252.66 0.2500
  62.58   292.36 0.2250 0.2250   248.42 0.2500
  65.52   290.13 0.2250 0.2250   243.96 0.2500
  68.84   287.77 0.2250 0.2250   239.24 0.2500
  72.76   285.23 0.2250 0.2250   234.17 0.2500
  77.83   282.38 0.2250 0.2250   228.46 0.2500
  90.00   278.06 0.2250 0.2250   219.83 0.2500
