# Name of benchmark/experiment: FILLET Experiment 1a (warm start, au)
# Case number: 24
# Instellation (S_earth): 1.137778
# XCO2 (ppm): 280.0
# Obliquity (degrees): 10.0
# Mode: seasonal
#
# Columns of data (annually averaged for last orbit)
# Lat Tsurf Asurf ATOA OLR Fland
 -90.00   271.91 0.2250 0.2250   207.53 0.2500
 -77.83   278.36 0.2250 0.2250   220.43 0.2500
 -72.76   282.47 0.2250 0.2250   228.64 0.2500
 -68.84   285.95 0.2250 0.2250   235.60 0.2500
 -65.52   289.08 0.2250 0.2250   241.86 0.2500
 -62.58   291.95 0.2250 0.2250   247.61 0.2500
 -59.90   294.63 0.2250 0.2250   252.97 0.2500
 -57.43   297.14 0.2250 0.2250   257.99 0.2500
 -55.11   299.51 0.2250 0.2250   262.72 0.2500
 -52.92   301.75 0.2250 0.2250   267.20 0.2500
 -50.83   303.87 0.2250 0.2250   271.45 0.2500
 -48.83   305.89 0.2250 0.2250   275.48 0.2500
 -46.91   307.80 0.2250 0.2250   279.31 0.2500
 -45.06   309.63 0.2250 0.2250   282.96 0.2500
 -43.27   311.37 0.2250 0.2250   286.43 0.2500
 -41.52   313.02 0.2250 0.2250   289.74 0.2500
 -39.83   314.60 0.2250 0.2250   292.89 0.2500
 -38.17   316.10 0.2250 0.2250   295.90 0.2500
 -36.55   317.53 0.2250 0.2250   298.76 0.2500
 -34.96   318.89 0.2250 0.2250   301.48 0.2500
 -33.41   320.18 0.2250 0.2250   304.07 0.2500
 -31.88   321.41 0.2250 0.2250   306.53 0.2500
 -30.37   322.58 0.2250 0.2250   308.86 0.2500
 -28.89   323.69 0.2250 0.2250   311.08 0.2500
 -27.43   324.74 0.2250 0.2250   313.17 0.2500
 -25.99   325.73 0.2250 0.2250   315.15 0.2500
 -24.57   326.66 0.2250 0.2250   317.02 0.2500
 -23.16   327.54 0.2250 0.2250   318.78 0.2500
 -21.76   328.36 0.2250 0.2250   320.43 0.2500
 -20.38   329.14 0.2250 0.2250   321.97 0.2500
 -19.02   329.86 0.2250 0.2250   323.41 0.2500
 -17.66   330.52 0.2250 0.2250   324.75 0.2500
 -16.31   331.14 0.2250 0.2250   325.99 0.2500
 -14.98   331.71 0.2250 0.2250   327.12 0.2500
 -13.65   332.23 0.2250 0.2250   328.16 0.2500
 -12.33   332.70 0.2250 0.2250   329.10 0.2500
 -11.01   333.12 0.2250 0.2250   329.94 0.2500
  -9.70   333.50 0.2250 0.2250   330.69 0.2500
  -8.40   333.82 0.2250 0.2250   331.34 0.2500
  -7.10   334.10 0.2250 0.2250   331.90 0.2500
  -5.80   334.33 0.2250 0.2250   332.37 0.2500
  -4.51   334.52 0.2250 0.2250   332.74 0.2500
  -3.22   334.66 0.2250 0.2250   333.02 0.2500
  -1.93   334.75 0.2250 0.2250   333.20 0.2500
  -0.64   334.80 0.2250 0.2250   333.29 0.2500
   0.64   334.80 0.2250 0.2250   333.29 0.2500
   1.93   334.75 0.2250 0.2250   333.20 0.2500
   3.22   334.66 0.2250 0.2250   333.02 0.2500
   4.51   334.52 0.2250 0.2250   332.74 0.2500
   5.80   334.33 0.2250 0.2250   332.37 0.2500
   7.10   334.10 0.2250 0.2250   331.90 0.2500
   8.40   333.82 0.2250 0.2250   331.34 0.2500
   9.70   333.50 0.2250 0.2250   330.69 0.2500
  11.01   333.12 0.2250 0.2250   329.94 0.2500
  12.33   332.70 0.2250 0.2250   329.10 0.2500
  13.65   332.23 0.2250 0.2250   328.16 0.2500
  14.98   331.71 0.2250 0.2250   327.12 0.2500
  16.31   331.14 0.2250 0.2250   325.99 0.2500
  17.66   330.52 0.2250 0.2250   324.75 0.2500
  19.02   329.86 0.2250 0.2250   323.41 0.2500
  20.38   329.14 0.2250 0.2250   321.97 0.2500
  21.76   328.36 0.2250 0.2250   320.43 0.2500
  23.16   327.54 0.2250 0.2250   318.78 0.2500
  24.57   326.66 0.2250 0.2250   317.02 0.2500
  25.99   325.73 0.2250 0.2250   315.15 0.2500
  27.43   324.74 0.2250 0.2250   313.17 0.2500
  28.89   323.69 0.2250 0.2250   311.08 0.2500
  30.37   322.58 0.2250 0.2250   308.86 0.2500
  31.88   321.41 0.2250 0.2250   306.53 0.2500
  33.41   320.18 0.2250 0.2250   304.07 0.2500
  34.96   318.89 0.2250 0.2250   301.48 0.2500
  36.55   317.53 0.2250 0.2250   298.76 0.2500
  38.17   316.10 0.2250 0.2250   295.90 0.2500
  39.83   314.60 0.2250 0.2250   292.89 0.2500
  41.52   313.02 0.2250 0.2250   289.74 0.2500
  43.27   311.37 0.2250 0.2250   286.43 0.2500
  45.06   309.63 0.2250 0.2250   282.96 0.2500
  46.91   307.80 0.2250 0.2250   279.31 0.2500
  48.83   305.89 0.2250 0.2250   275.48 0.2500
  50.83   303.87 0.2250 0.2250   271.45 0.2500
  52.92   301.75 0.2250 0.2250   267.20 0.2500
  55.11   299.51 0.2250 0.2250   262.72 0.2500
  57.43   297.14 0.2250 0.2250   257.99 0.2500
  59.90   294.63 0.2250 0.2250   252.97 0.2500
  62.58   291.95 0.2250 0.2250   247.61 0.2500
  65.52   289.08 0.2250 0.2250   241.86 0.2500
  68.84   285.95 0.2250 0.2250   235.60 0.2500
  72.76   282.47 0.2250 0.2250   228.64 0.2500
  77.83   278.36 0.2250 0.2250   220.43 0.2500
  90.00   271.91 0.2250 0.2250   207.53 0.2500
