# Name of benchmark/experiment: FILLET Experiment 1a (warm start, au)
# Case number: 54
# Instellation (S_earth): 0.865333
# XCO2 (ppm): 280.0
# Obliquity (degrees): 20.0
# Mode: seasonal
#
# Columns of data (annually averaged for last orbit)
# Lat Tsurf Asurf ATOA OLR Fland
 -90.00   227.99 0.6000 0.6000   119.68 0.2500
 -77.83   231.13 0.6000 0.6000   125.97 0.2500
 -72.76   233.27 0.6000 0.6000   130.25 0.2500
 -68.84   235.23 0.6000 0.6000   134.16 0.2500
 -65.52   237.11 0.6000 0.6000   137.91 0.2500
 -62.58   238.94 0.6000 0.6000   141.58 0.2500
 -59.90   240.75 0.6000 0.6000   145.20 0.2500
 -57.43   242.54 0.6000 0.6000   148.79 0.2500
 -55.11   244.33 0.6000 0.6000   152.36 0.2500
 -52.92   246.11 0.6000 0.6000   155.91 0.2500
 -50.83   247.89 0.6000 0.6000   159.47 0.2500
 -48.83   249.67 0.6000 0.6000   163.04 0.2500
 -46.91   251.46 0.6000 0.6000   166.62 0.2500
 -45.06   253.26 0.6000 0.6000   170.23 0.2500
 -43.27   255.08 0.6000 0.6000   173.86 0.2500
 -41.52   256.92 0.6000 0.6000   177.53 0.2500
 -39.83   258.77 0.6000 0.6000   181.24 0.2500
 -38.17   260.65 0.6000 0.6000   185.00 0.2500
 -36.55   262.56 0.4750 0.4750   188.82 0.2500
 -34.96   264.44 0.2250 0.2250   192.58 0.2500
 -33.41   266.19 0.2250 0.2250   196.08 0.2500
 -31.88   267.82 0.2250 0.2250   199.34 0.2500
 -30.37   269.34 0.2250 0.2250   202.38 0.2500
 -28.89   270.75 0.2250 0.2250   205.21 0.2500
 -27.43   272.07 0.2250 0.2250   207.84 0.2500
 -25.99   273.30 0.2250 0.2250   210.29 0.2500
 -24.57   274.44 0.2250 0.2250   212.58 0.2500
 -23.16   275.50 0.2250 0.2250   214.70 0.2500
 -21.76   276.48 0.2250 0.2250   216.67 0.2500
 -20.38   277.40 0.2250 0.2250   218.49 0.2500
 -19.02   278.24 0.2250 0.2250   220.18 0.2500
 -17.66   279.02 0.2250 0.2250   221.73 0.2500
 -16.31   279.73 0.2250 0.2250   223.15 0.2500
 -14.98   280.38 0.2250 0.2250   224.45 0.2500
 -13.65   280.97 0.2250 0.2250   225.63 0.2500
 -12.33   281.50 0.2250 0.2250   226.70 0.2500
 -11.01   281.97 0.2250 0.2250   227.64 0.2500
  -9.70   282.39 0.2250 0.2250   228.48 0.2500
  -8.40   282.75 0.2250 0.2250   229.21 0.2500
  -7.10   283.06 0.2250 0.2250   229.83 0.2500
  -5.80   283.32 0.2250 0.2250   230.34 0.2500
  -4.51   283.53 0.2250 0.2250   230.76 0.2500
  -3.22   283.68 0.2250 0.2250   231.06 0.2500
  -1.93   283.78 0.2250 0.2250   231.27 0.2500
  -0.64   283.83 0.2250 0.2250   231.37 0.2500
   0.64   283.83 0.2250 0.2250   231.37 0.2500
   1.93   283.78 0.2250 0.2250   231.27 0.2500
   3.22   283.68 0.2250 0.2250   231.06 0.2500
   4.51   283.53 0.2250 0.2250   230.76 0.2500
   5.80   283.32 0.2250 0.2250   230.34 0.2500
   7.10   283.06 0.2250 0.2250   229.83 0.2500
   8.40   282.75 0.2250 0.2250   229.21 0.2500
   9.70   282.39 0.2250 0.2250   228.48 0.2500
  11.01   281.97 0.2250 0.2250   227.64 0.2500
  12.33   281.50 0.2250 0.2250   226.70 0.2500
  13.65   280.97 0.2250 0.2250   225.63 0.2500
  14.98   280.38 0.2250 0.2250   224.45 0.2500
  16.31   279.73 0.2250 0.2250   223.15 0.2500
  17.66   279.02 0.2250 0.2250   221.73 0.2500
  19.02   278.24 0.2250 0.2250   220.18 0.2500
  20.38   277.40 0.2250 0.2250   218.49 0.2500
  21.76   276.48 0.2250 0.2250   216.67 0.2500
  23.16   275.50 0.2250 0.2250   214.70 0.2500
  24.57   274.44 0.2250 0.2250   212.58 0.2500
  25.99   273.30 0.2250 0.2250   210.29 0.2500
  27.43   272.07 0.2250 0.2250   207.84 0.2500
  28.89   270.75 0.2250 0.2250   205.21 0.2500
  30.37   269.34 0.2250 0.2250   202.38 0.2500
  31.88   267.82 0.2250 0.2250   199.34 0.2500
  33.41   266.19 0.2250 0.2250   196.08 0.2500
  34.96   264.44 0.2250 0.2250   192.58 0.2500
  36.55   262.56 0.4750 0.4750   188.82 0.2500
  38.17   260.65 0.6000 0.6000   185.00 0.2500
  39.83   258.77 0.6000 0.6000   181.24 0.2500
  41.52   256.92 0.6000 0.6000   177.53 0.2500
  43.27   255.08 0.6000 0.6000   173.86 0.2500
  45.06   253.26 0.6000 0.6000   170.23 0.2500
  46.91   251.46 0.6000 0.6000   166.62 0.2500
  48.83   249.67 0.6000 0.6000   163.04 0.2500
  50.83   247.89 0.6000 0.6000   159.47 0.2500
  52.92   246.11 0.6000 0.6000   155.91 0.2500
  55.11   244.33 0.6000 0.6000   152.36 0.2500
  57.43   242.54 0.6000 0.6000   148.79 0.2500
  59.90   240.75 0.6000 0.6000   145.20 0.2500
  62.58   238.94 0.6000 0.6000   141.58 0.2500
  65.52   237.11 0.6000 0.6000   137.91 0.2500
  68.84   235.23 0.6000 0.6000   134.16 0.2500
  72.76   233.27 0.6000 0.6000   130.25 0.2500
  77.83   231.13 0.6000 0.6000   125.97 0.2500
  90.00   227.99 0.6000 0.6000   119.68 0.2500
