# Name of benchmark/experiment: FILLET Experiment 1a (warm start, au)
# Case number: 39
# Instellation (S_earth): 1.269589
# XCO2 (ppm): 280.0
# Obliquity (degrees): 20.0
# Mode: seasonal
#
# Columns of data (annually averaged for last orbit)
# Lat Tsurf Asurf ATOA OLR Fland
 -90.00   294.09 0.2250 0.2250   251.88 0.2500
 -77.83   299.03 0.2250 0.2250   261.77 0.2500
 -72.76   302.30 0.2250 0.2250   268.31 0.2500
 -68.84   305.21 0.2250 0.2250   274.12 0.2500
 -65.52   307.92 0.2250 0.2250   279.53 0.2500
 -62.58   310.47 0.2250 0.2250   284.64 0.2500
 -59.90   312.90 0.2250 0.2250   289.50 0.2500
 -57.43   315.21 0.2250 0.2250   294.11 0.2500
 -55.11   317.41 0.2250 0.2250   298.52 0.2500
 -52.92   319.51 0.2250 0.2250   302.72 0.2500
 -50.83   321.52 0.2250 0.2250   306.74 0.2500
 -48.83   323.44 0.2250 0.2250   310.59 0.2500
 -46.91   325.28 0.2250 0.2250   314.26 0.2500
 -45.06   327.04 0.2250 0.2250   317.78 0.2500
 -43.27   328.72 0.2250 0.2250   321.14 0.2500
 -41.52   330.33 0.2250 0.2250   324.35 0.2500
 -39.83   331.86 0.2250 0.2250   327.43 0.2500
 -38.17   333.33 0.2250 0.2250   330.36 0.2500
 -36.55   334.73 0.2250 0.2250   333.17 0.2500
 -34.96   336.07 0.2250 0.2250   335.84 0.2500
 -33.41   337.35 0.2250 0.2250   338.39 0.2500
 -31.88   338.56 0.2250 0.2250   340.82 0.2500
 -30.37   339.71 0.2250 0.2250   343.13 0.2500
 -28.89   340.81 0.2250 0.2250   345.32 0.2500
 -27.43   341.85 0.2250 0.2250   347.40 0.2500
 -25.99   342.83 0.2250 0.2250   349.37 0.2500
 -24.57   343.76 0.2250 0.2250   351.22 0.2500
 -23.16   344.64 0.2250 0.2250   352.98 0.2500
 -21.76   345.46 0.2250 0.2250   354.62 0.2500
 -20.38   346.23 0.2250 0.2250   356.16 0.2500
 -19.02   346.95 0.2250 0.2250   357.60 0.2500
 -17.66   347.62 0.2250 0.2250   358.93 0.2500
 -16.31   348.24 0.2250 0.2250   360.17 0.2500
 -14.98   348.80 0.2250 0.2250   361.31 0.2500
 -13.65   349.32 0.2250 0.2250   362.35 0.2500
 -12.33   349.79 0.2250 0.2250   363.29 0.2500
 -11.01   350.22 0.2250 0.2250   364.13 0.2500
  -9.70   350.59 0.2250 0.2250   364.88 0.2500
  -8.40   350.92 0.2250 0.2250   365.54 0.2500
  -7.10   351.20 0.2250 0.2250   366.10 0.2500
  -5.80   351.43 0.2250 0.2250   366.57 0.2500
  -4.51   351.62 0.2250 0.2250   366.94 0.2500
  -3.22   351.76 0.2250 0.2250   367.22 0.2500
  -1.93   351.85 0.2250 0.2250   367.40 0.2500
  -0.64   351.90 0.2250 0.2250   367.50 0.2500
   0.64   351.90 0.2250 0.2250   367.50 0.2500
   1.93   351.85 0.2250 0.2250   367.40 0.2500
   3.22   351.76 0.2250 0.2250   367.22 0.2500
   4.51   351.62 0.2250 0.2250   366.94 0.2500
   5.80   351.43 0.2250 0.2250   366.57 0.2500
   7.10   351.20 0.2250 0.2250   366.10 0.2500
   8.40   350.92 0.2250 0.2250   365.54 0.2500
   9.70   350.59 0.2250 0.2250   364.88 0.2500
  11.01   350.22 0.2250 0.2250   364.13 0.2500
  12.33   349.79 0.2250 0.2250   363.29 0.2500
  13.65   349.32 0.2250 0.2250   362.35 0.2500
  14.98   348.80 0.2250 0.2250   361.31 0.2500
  16.31   348.24 0.2250 0.2250   360.17 0.2500
  17.66   347.62 0.2250 0.2250   358.93 0.2500
  19.02   346.95 0.2250 0.2250   357.60 0.2500
  20.38   346.23 0.2250 0.2250   356.16 0.2500
  21.76   345.46 0.2250 0.2250   354.62 0.2500
  23.16   344.64 0.2250 0.2250   352.98 0.2500
  24.57   343.76 0.2250 0.2250   351.22 0.2500
  25.99   342.83 0.2250 0.2250   349.37 0.2500
  27.43   341.85 0.2250 0.2250   347.40 0.2500
  28.89   340.81 0.2250 0.2250   345.32 0.2500
  30.37   339.71 0.2250 0.2250   343.13 0.2500
  31.88   338.56 0.2250 0.2250   340.82 0.2500
  33.41   337.35 0.2250 0.2250   338.39 0.2500
  34.96   336.07 0.2250 0.2250   335.84 0.2500
  36.55   334.73 0.2250 0.2250   333.17 0.2500
  38.17   333.33 0.2250 0.2250   330.36 0.2500
  39.83   331.86 0.2250 0.2250   327.43 0.2500
  41.52   330.33 0.2250 0.2250   324.35 0.2500
  43.27   328.72 0.2250 0.2250   321.14 0.2500
  45.06   327.04 0.2250 0.2250   317.78 0.2500
  46.91   325.28 0.2250 0.2250   314.26 0.2500
  48.83   323.44 0.2250 0.2250   310.59 0.2500
  50.83   321.52 0.2250 0.2250   306.74 0.2500
  52.92   319.51 0.2250 0.2250   302.72 0.2500
  55.11   317.41 0.2250 0.2250   298.52 0.2500
  57.43   315.21 0.2250 0.2250   294.11 0.2500
  59.90   312.90 0.2250 0.2250   289.50 0.2500
  62.58   310.47 0.2250 0.2250   284.64 0.2500
  65.52   307.92 0.2250 0.2250   279.53 0.2500
  68.84   305.21 0.2250 0.2250   274.12 0.2500
  72.76   302.30 0.2250 0.2250   268.31 0.2500
  77.83   299.03 0.2250 0.2250   261.77 0.2500
  90.00   294.09 0.2250 0.2250   251.88 0.2500
