# Name of benchmark/experiment: FILLET Experiment 1a (warm start, au)
# Case number: 36
# Instellation (S_earth): 0.845554
# XCO2 (ppm): 280.0
# Obliquity (degrees): 10.0
# Mode: seasonal
#
# Columns of data (annually averaged for last orbit)
# Lat Tsurf Asurf ATOA OLR Fland
 -90.00   207.95 0.6000 0.6000    79.60 0.2500
 -77.83   210.42 0.6000 0.6000    84.55 0.2500
 -72.76   212.00 0.6000 0.6000    87.70 0.2500
 -68.84   213.33 0.6000 0.6000    90.37 0.2500
 -65.52   214.53 0.6000 0.6000    92.77 0.2500
 -62.58   215.64 0.6000 0.6000    94.98 0.2500
 -59.90   216.67 0.6000 0.6000    97.03 0.2500
 -57.43   217.63 0.6000 0.6000    98.96 0.2500
 -55.11   218.54 0.6000 0.6000   100.77 0.2500
 -52.92   219.40 0.6000 0.6000   102.49 0.2500
 -50.83   220.21 0.6000 0.6000   104.12 0.2500
 -48.83   220.98 0.6000 0.6000   105.67 0.2500
 -46.91   221.72 0.6000 0.6000   107.14 0.2500
 -45.06   222.42 0.6000 0.6000   108.53 0.2500
 -43.27   223.08 0.6000 0.6000   109.87 0.2500
 -41.52   223.72 0.6000 0.6000   111.14 0.2500
 -39.83   224.32 0.6000 0.6000   112.35 0.2500
 -38.17   224.90 0.6000 0.6000   113.50 0.2500
 -36.55   225.45 0.6000 0.6000   114.59 0.2500
 -34.96   225.97 0.6000 0.6000   115.64 0.2500
 -33.41   226.47 0.6000 0.6000   116.63 0.2500
 -31.88   226.94 0.6000 0.6000   117.57 0.2500
 -30.37   227.39 0.6000 0.6000   118.47 0.2500
 -28.89   227.81 0.6000 0.6000   119.32 0.2500
 -27.43   228.21 0.6000 0.6000   120.12 0.2500
 -25.99   228.59 0.6000 0.6000   120.88 0.2500
 -24.57   228.95 0.6000 0.6000   121.60 0.2500
 -23.16   229.29 0.6000 0.6000   122.27 0.2500
 -21.76   229.60 0.6000 0.6000   122.91 0.2500
 -20.38   229.90 0.6000 0.6000   123.50 0.2500
 -19.02   230.18 0.6000 0.6000   124.05 0.2500
 -17.66   230.43 0.6000 0.6000   124.56 0.2500
 -16.31   230.67 0.6000 0.6000   125.04 0.2500
 -14.98   230.89 0.6000 0.6000   125.47 0.2500
 -13.65   231.09 0.6000 0.6000   125.87 0.2500
 -12.33   231.27 0.6000 0.6000   126.23 0.2500
 -11.01   231.43 0.6000 0.6000   126.56 0.2500
  -9.70   231.57 0.6000 0.6000   126.84 0.2500
  -8.40   231.70 0.6000 0.6000   127.09 0.2500
  -7.10   231.80 0.6000 0.6000   127.31 0.2500
  -5.80   231.89 0.6000 0.6000   127.49 0.2500
  -4.51   231.96 0.6000 0.6000   127.63 0.2500
  -3.22   232.02 0.6000 0.6000   127.74 0.2500
  -1.93   232.05 0.6000 0.6000   127.81 0.2500
  -0.64   232.07 0.6000 0.6000   127.84 0.2500
   0.64   232.07 0.6000 0.6000   127.84 0.2500
   1.93   232.05 0.6000 0.6000   127.81 0.2500
   3.22   232.02 0.6000 0.6000   127.74 0.2500
   4.51   231.96 0.6000 0.6000   127.63 0.2500
   5.80   231.89 0.6000 0.6000   127.49 0.2500
   7.10   231.80 0.6000 0.6000   127.31 0.2500
   8.40   231.70 0.6000 0.6000   127.09 0.2500
   9.70   231.57 0.6000 0.6000   126.84 0.2500
  11.01   231.43 0.6000 0.6000   126.56 0.2500
  12.33   231.27 0.6000 0.6000   126.23 0.2500
  13.65   231.09 0.6000 0.6000   125.87 0.2500
  14.98   230.89 0.6000 0.6000   125.47 0.2500
  16.31   230.67 0.6000 0.6000   125.04 0.2500
  17.66   230.43 0.6000 0.6000   124.56 0.2500
  19.02   230.18 0.6000 0.6000   124.05 0.2500
  20.38   229.90 0.6000 0.6000   123.50 0.2500
  21.76   229.60 0.6000 0.6000   122.91 0.2500
  23.16   229.29 0.6000 0.6000   122.27 0.2500
  24.57   228.95 0.6000 0.6000   121.60 0.2500
  25.99   228.59 0.6000 0.6000   120.88 0.2500
  27.43   228.21 0.6000 0.6000   120.12 0.2500
  28.89   227.81 0.6000 0.6000   119.32 0.2500
  30.37   227.39 0.6000 0.6000   118.47 0.2500
  31.88   226.94 0.6000 0.6000   117.57 0.2500
  33.41   226.47 0.6000 0.6000   116.63 0.2500
  34.96   225.97 0.6000 0.6000   115.64 0.2500
  36.55   225.45 0.6000 0.6000   114.59 0.2500
  38.17   224.90 0.6000 0.6000   113.50 0.2500
  39.83   224.32 0.6000 0.6000   112.35 0.2500
  41.52   223.72 0.6000 0.6000   111.14 0.2500
  43.27   223.08 0.6000 0.6000   109.87 0.2500
  45.06   222.42 0.6000 0.6000   108.53 0.2500
  46.91   221.72 0.6000 0.6000   107.14 0.2500
  48.83   220.98 0.6000 0.6000   105.67 0.2500
  50.83   220.21 0.6000 0.6000   104.12 0.2500
  52.92   219.40 0.6000 0.6000   102.49 0.2500
  55.11   218.54 0.6000 0.6000   100.77 0.2500
  57.43   217.63 0.6000 0.6000    98.96 0.2500
  59.90   216.67 0.6000 0.6000    97.03 0.2500
  62.58   215.64 0.6000 0.6000    94.98 0.2500
  65.52   214.53 0.6000 0.6000    92.77 0.2500
  68.84   213.33 0.6000 0.6000    90.37 0.2500
  72.76   212.00 0.6000 0.6000    87.70 0.2500
  77.83   210.42 0.6000 0.6000    84.55 0.2500
  90.00   207.95 0.6000 0.6000    79.60 0.2500
