# Name of benchmark/experiment: FILLET Experiment 1a (warm start, au)
# Case number: 130
# Instellation (S_earth): 0.865333
# XCO2 (ppm): 280.0
# Obliquity (degrees): 60.0
# Mode: seasonal
#
# Columns of data (annually averaged for last orbit)
# Lat Tsurf Asurf ATOA OLR Fland
 -90.00   286.62 0.2250 0.2250   236.93 0.2500
 -77.83   286.21 0.2250 0.2250   236.13 0.2500
 -72.76   285.86 0.2250 0.2250   235.42 0.2500
 -68.84   285.52 0.2250 0.2250   234.73 0.2500
 -65.52   285.19 0.2250 0.2250   234.08 0.2500
 -62.58   284.88 0.2250 0.2250   233.46 0.2500
 -59.90   284.59 0.2250 0.2250   232.88 0.2500
 -57.43   284.32 0.2250 0.2250   232.33 0.2500
 -55.11   284.05 0.2250 0.2250   231.81 0.2500
 -52.92   283.80 0.2250 0.2250   231.31 0.2500
 -50.83   283.56 0.2250 0.2250   230.83 0.2500
 -48.83   283.33 0.2250 0.2250   230.36 0.2500
 -46.91   283.11 0.2250 0.2250   229.92 0.2500
 -45.06   282.90 0.2250 0.2250   229.50 0.2500
 -43.27   282.70 0.2250 0.2250   229.10 0.2500
 -41.52   282.51 0.2250 0.2250   228.72 0.2500
 -39.83   282.34 0.2250 0.2250   228.37 0.2500
 -38.17   282.17 0.2250 0.2250   228.05 0.2500
 -36.55   282.02 0.2250 0.2250   227.75 0.2500
 -34.96   281.89 0.2250 0.2250   227.47 0.2500
 -33.41   281.76 0.2250 0.2250   227.22 0.2500
 -31.88   281.65 0.2250 0.2250   226.99 0.2500
 -30.37   281.54 0.2250 0.2250   226.78 0.2500
 -28.89   281.45 0.2250 0.2250   226.59 0.2500
 -27.43   281.36 0.2250 0.2250   226.43 0.2500
 -25.99   281.29 0.2250 0.2250   226.28 0.2500
 -24.57   281.22 0.2250 0.2250   226.14 0.2500
 -23.16   281.16 0.2250 0.2250   226.03 0.2500
 -21.76   281.11 0.2250 0.2250   225.92 0.2500
 -20.38   281.07 0.2250 0.2250   225.83 0.2500
 -19.02   281.03 0.2250 0.2250   225.75 0.2500
 -17.66   280.99 0.2250 0.2250   225.68 0.2500
 -16.31   280.96 0.2250 0.2250   225.62 0.2500
 -14.98   280.94 0.2250 0.2250   225.57 0.2500
 -13.65   280.91 0.2250 0.2250   225.53 0.2500
 -12.33   280.89 0.2250 0.2250   225.49 0.2500
 -11.01   280.88 0.2250 0.2250   225.46 0.2500
  -9.70   280.86 0.2250 0.2250   225.43 0.2500
  -8.40   280.85 0.2250 0.2250   225.41 0.2500
  -7.10   280.84 0.2250 0.2250   225.39 0.2500
  -5.80   280.84 0.2250 0.2250   225.37 0.2500
  -4.51   280.83 0.2250 0.2250   225.36 0.2500
  -3.22   280.83 0.2250 0.2250   225.35 0.2500
  -1.93   280.82 0.2250 0.2250   225.35 0.2500
  -0.64   280.82 0.2250 0.2250   225.34 0.2500
   0.64   280.82 0.2250 0.2250   225.34 0.2500
   1.93   280.82 0.2250 0.2250   225.35 0.2500
   3.22   280.83 0.2250 0.2250   225.35 0.2500
   4.51   280.83 0.2250 0.2250   225.36 0.2500
   5.80   280.84 0.2250 0.2250   225.37 0.2500
   7.10   280.84 0.2250 0.2250   225.39 0.2500
   8.40   280.85 0.2250 0.2250   225.41 0.2500
   9.70   280.86 0.2250 0.2250   225.43 0.2500
  11.01   280.88 0.2250 0.2250   225.46 0.2500
  12.33   280.89 0.2250 0.2250   225.49 0.2500
  13.65   280.91 0.2250 0.2250   225.53 0.2500
  14.98   280.94 0.2250 0.2250   225.57 0.2500
  16.31   280.96 0.2250 0.2250   225.62 0.2500
  17.66   280.99 0.2250 0.2250   225.68 0.2500
  19.02   281.03 0.2250 0.2250   225.75 0.2500
  20.38   281.07 0.2250 0.2250   225.83 0.2500
  21.76   281.11 0.2250 0.2250   225.92 0.2500
  23.16   281.16 0.2250 0.2250   226.03 0.2500
  24.57   281.22 0.2250 0.2250   226.14 0.2500
  25.99   281.29 0.2250 0.2250   226.28 0.2500
  27.43   281.36 0.2250 0.2250   226.43 0.2500
  28.89   281.45 0.2250 0.2250   226.59 0.2500
  30.37   281.54 0.2250 0.2250   226.78 0.2500
  31.88   281.65 0.2250 0.2250   226.99 0.2500
  33.41   281.76 0.2250 0.2250   227.22 0.2500
  34.96   281.89 0.2250 0.2250   227.47 0.2500
  36.55   282.02 0.2250 0.2250   227.75 0.2500
  38.17   282.17 0.2250 0.2250   228.05 0.2500
  39.83   282.34 0.2250 0.2250   228.37 0.2500
  41.52   282.51 0.2250 0.2250   228.72 0.2500
  43.27   282.70 0.2250 0.2250   229.10 0.2500
  45.06   282.90 0.2250 0.2250   229.50 0.2500
  46.91   283.11 0.2250 0.2250   229.92 0.2500
  48.83   283.33 0.2250 0.2250   230.36 0.2500
  50.83   283.56 0.2250 0.2250   230.83 0.2500
  52.92   283.80 0.2250 0.2250   231.31 0.2500
  55.11   284.05 0.2250 0.2250   231.81 0.2500
  57.43   284.32 0.2250 0.2250   232.33 0.2500
  59.90   284.59 0.2250 0.2250   232.88 0.2500
  62.58   284.88 0.2250 0.2250   233.46 0.2500
  65.52   285.19 0.2250 0.2250   234.08 0.2500
  68.84   285.52 0.2250 0.2250   234.73 0.2500
  72.76   285.86 0.2250 0.2250   235.42 0.2500
  77.83   286.21 0.2250 0.2250   236.13 0.2500
  90.00   286.62 0.2250 0.2250   236.93 0.2500
